place_id,region,name,address_source,pre_province_candidate_count,province_rejected_count,province_rejected_candidates,address_province_labels,reason,candidate_count,candidate_admin_names
gj1,경주,효우당,현곡면 소현효자길 21-3 지오코딩 확인,0,0,,,NO_EXACT_MUNICIPALITY_TOWNSHIP_TOKENS,0,
gj2,경주,쪽샘 44호 신라공주묘,쪽샘길 60 지오코딩 확인,0,0,,,NO_EXACT_MUNICIPALITY_TOWNSHIP_TOKENS,0,
gj3,경주,동궁과 월지,공식 관광정보 좌표,0,0,,,NO_EXACT_MUNICIPALITY_TOWNSHIP_TOKENS,0,
gj4,경주,황리단길,황리단길 대표 구간 중심점,0,0,,,NO_EXACT_MUNICIPALITY_TOWNSHIP_TOKENS,0,
gj5,경주,경주월드,경주월드 주소 기준 지오코딩,0,0,,,NO_EXACT_MUNICIPALITY_TOWNSHIP_TOKENS,0,
gj6,경주,경주 라원(미디어아트),보문동 3-3 지오코딩 확인,0,0,,,NO_EXACT_MUNICIPALITY_TOWNSHIP_TOKENS,0,
gj7,경주,추억의 달동네 (귀신의집),보불로 216-8 지오코딩 확인,0,0,,,NO_EXACT_MUNICIPALITY_TOWNSHIP_TOKENS,0,
gjx1,경주,불국사,경주시 관광지 현황(공공데이터) 진현동 산15 · 대웅전 기준 지오코딩,0,0,,,NO_EXACT_MUNICIPALITY_TOWNSHIP_TOKENS,0,
gjx2,경주,대릉원,경주시 관광지 현황(공공데이터) 황남동 31-1 · 지오코딩 확인,1,0,,,MATCH_CANDIDATE,1,경상북도 경주시 황남동
gjx3,경주,첨성대,경주시 관광지 현황(공공데이터) 인왕동 839-1 · 지오코딩 확인,0,0,,,NO_EXACT_MUNICIPALITY_TOWNSHIP_TOKENS,0,
gjx4,경주,국립경주박물관,경주시 관광지 현황(공공데이터) 일정로 186 · 지오코딩 확인,0,0,,,NO_EXACT_MUNICIPALITY_TOWNSHIP_TOKENS,0,
gjx5,경주,석굴암,경주시 관광지 현황(공공데이터) 불국로 873-243 · 지오코딩 확인,0,0,,,NO_EXACT_MUNICIPALITY_TOWNSHIP_TOKENS,0,
gjx6,경주,월정교,경주시 관광지 현황(공공데이터) 교동 274 · 지오코딩 확인,0,0,,,NO_EXACT_MUNICIPALITY_TOWNSHIP_TOKENS,0,
gjx7,경주,교촌마을,경주시 관광지 현황(공공데이터) 교촌길 39-2 · 지오코딩 확인,0,0,,,NO_EXACT_MUNICIPALITY_TOWNSHIP_TOKENS,0,
gjx8,경주,경주 양남 주상절리,경주시 관광지 현황(공공데이터) 양남면 동해안로 498-13 · 지오코딩 확인,1,0,,,MATCH_CANDIDATE,1,경상북도 경주시 양남면
gjx9,경주,문무대왕릉,경주시 관광지 현황(공공데이터) 문무대왕면 봉길리 26 · 지오코딩 확인,1,0,,,MATCH_CANDIDATE,1,경상북도 경주시 문무대왕면
gjx10,경주,양동마을,경주시 관광지 현황(공공데이터) 강동면 양동마을길 138-18 · 지오코딩 확인,1,0,,,MATCH_CANDIDATE,1,경상북도 경주시 강동면
gjx11,경주,경주 엑스포대공원,경주시 관광지 현황(공공데이터) 경감로 614 · 지오코딩 확인,0,0,,,NO_EXACT_MUNICIPALITY_TOWNSHIP_TOKENS,0,
gjx12,경주,금관총,경주시 관광지 현황(공공데이터) 노서동 104 · 지오코딩 확인,0,0,,,NO_EXACT_MUNICIPALITY_TOWNSHIP_TOKENS,0,
gjx13,경주,오릉,경주시 관광지 현황(공공데이터) 탑동 67-1 · 지오코딩 확인,0,0,,,NO_EXACT_MUNICIPALITY_TOWNSHIP_TOKENS,0,
gjx14,경주,감포항,경주시 관광지 현황(공공데이터) 감포읍 감포로2길 93 · 지오코딩 확인,1,0,,,MATCH_CANDIDATE,1,경상북도 경주시 감포읍
gjx15,경주,경주 최부자댁,경주시 관광지 현황(공공데이터) 교촌안길 27-44 · 지오코딩 확인,0,0,,,NO_EXACT_MUNICIPALITY_TOWNSHIP_TOKENS,0,
gjx16,경주,계림,경주시 관광지 현황(공공데이터) 교동 1 · 지오코딩 확인,0,0,,,NO_EXACT_MUNICIPALITY_TOWNSHIP_TOKENS,0,
gjx17,경주,포석정,경주시 관광지 현황(공공데이터) 배동 454-1 · 지오코딩 확인,0,0,,,NO_EXACT_MUNICIPALITY_TOWNSHIP_TOKENS,0,
gjx18,경주,보문관광단지,경주시 관광지 현황(공공데이터) 신평동 375 · 지오코딩 확인,0,0,,,NO_EXACT_MUNICIPALITY_TOWNSHIP_TOKENS,0,
gjx19,경주,힐튼 경주,경주시 관광지 현황(공공데이터) 보문로 484-7 · 지오코딩 확인,0,0,,,NO_EXACT_MUNICIPALITY_TOWNSHIP_TOKENS,0,
gjx20,경주,신라밀레니엄파크,경주시 관광지 현황(공공데이터) 보문로 484-7 · 지오코딩 확인,0,0,,,NO_EXACT_MUNICIPALITY_TOWNSHIP_TOKENS,0,
gjx21,경주,월성,경주시 관광지 현황(공공데이터) 인왕동 387-1 · 지오코딩 확인,0,0,,,NO_EXACT_MUNICIPALITY_TOWNSHIP_TOKENS,0,
gjx22,경주,천마총,경주시 관광지 현황(공공데이터) 황남동 262 · 지오코딩 확인,1,0,,,MATCH_CANDIDATE,1,경상북도 경주시 황남동
gjx23,경주,봉황대,경주시 관광지 현황(공공데이터) 노동동 261 · 지오코딩 확인,0,0,,,NO_EXACT_MUNICIPALITY_TOWNSHIP_TOKENS,0,
gjx24,경주,황룡사지,경주시 관광지 현황(공공데이터) 구황동 320-2 · 지오코딩 확인,0,0,,,NO_EXACT_MUNICIPALITY_TOWNSHIP_TOKENS,0,
gjx25,경주,성동시장,경주시 관광지 현황(공공데이터) 동문로24번길 12 · 지오코딩 확인,0,0,,,NO_EXACT_MUNICIPALITY_TOWNSHIP_TOKENS,0,
gjx26,경주,중앙시장 야시장,경주시 관광지 현황(공공데이터) 금성로 295 · 지오코딩 확인,0,0,,,NO_EXACT_MUNICIPALITY_TOWNSHIP_TOKENS,0,
gjx27,경주,서출지,경주시 관광지 현황(공공데이터) 남산1길 17 · 지오코딩 확인,0,0,,,NO_EXACT_MUNICIPALITY_TOWNSHIP_TOKENS,0,
gjx28,경주,칠불암,경주시 관광지 현황(공공데이터) 칠불암길 201 · 지오코딩 확인,0,0,,,NO_EXACT_MUNICIPALITY_TOWNSHIP_TOKENS,0,
gjx29,경주,감은사지,경주시 관광지 현황(공공데이터) 문무대왕면 용당리 55-9 · 지오코딩 확인,1,0,,,MATCH_CANDIDATE,1,경상북도 경주시 문무대왕면
gjx32,경주,경주 동궁원,경주시 관광지 현황(공공데이터) 보문로 74-14 · 지오코딩 확인,0,0,,,NO_EXACT_MUNICIPALITY_TOWNSHIP_TOKENS,0,
gjx33,경주,테디베어박물관,경주시 관광지 현황(공공데이터) 보문로 280-34 · 지오코딩 확인,0,0,,,NO_EXACT_MUNICIPALITY_TOWNSHIP_TOKENS,0,
gjx34,경주,민속공예촌,경주시 관광지 현황(공공데이터) 보불로 230 · 지오코딩 확인,0,0,,,NO_EXACT_MUNICIPALITY_TOWNSHIP_TOKENS,0,
gjx35,경주,옥산서원,경주시 관광지 현황(공공데이터) 안강읍 옥산서원길 216-27 · 지오코딩 확인,1,0,,,MATCH_CANDIDATE,1,경상북도 경주시 안강읍
gz1,거제,덕포해수욕장,거제시 관광정보 좌표,0,0,,,NO_EXACT_MUNICIPALITY_TOWNSHIP_TOKENS,0,
gz2,거제,매미성,한국관광공사 좌표,0,0,,,NO_EXACT_MUNICIPALITY_TOWNSHIP_TOKENS,0,
gz3,거제,해금강,한국관광공사 좌표,0,0,,,NO_EXACT_MUNICIPALITY_TOWNSHIP_TOKENS,0,
gz4,거제,바람의 언덕,한국관광공사 좌표,0,0,,,NO_EXACT_MUNICIPALITY_TOWNSHIP_TOKENS,0,
gz5,거제,오션뷰 카페 씨야드,거제남서로 3613-70 지오코딩 확인,0,0,,,NO_EXACT_MUNICIPALITY_TOWNSHIP_TOKENS,0,
gz6,거제,거제식물원,관광정보 좌표,0,0,,,NO_EXACT_MUNICIPALITY_TOWNSHIP_TOKENS,0,
gz7,거제,거제 파노라마 케이블카,하부역사(거제중앙로 288) 지오코딩 확인,0,0,,,NO_EXACT_MUNICIPALITY_TOWNSHIP_TOKENS,0,
gz8,거제,동부저수지,관광정보 좌표,0,0,,,NO_EXACT_MUNICIPALITY_TOWNSHIP_TOKENS,0,
gz9,거제,고현동 상권,고현시장 대표점 기준 분석점 (반경 500m),0,0,,,NO_EXACT_MUNICIPALITY_TOWNSHIP_TOKENS,0,
gz10,거제,거제 고현시장,거제중앙로 1883 지오코딩 확인,0,0,,,NO_EXACT_MUNICIPALITY_TOWNSHIP_TOKENS,0,
gz11,거제,원조거제굴구이,거제면 내간리 977-5 지오코딩 확인 (구글 지도 공유 링크 기준),0,0,,,NO_EXACT_MUNICIPALITY_TOWNSHIP_TOKENS,0,
gz12,거제,거제 전통 양곱창 전골,주소 기반 좌표,0,0,,,NO_EXACT_MUNICIPALITY_TOWNSHIP_TOKENS,0,
gz13,거제,금농갈비,옥포로9길 6 지오코딩 확인,0,0,,,NO_EXACT_MUNICIPALITY_TOWNSHIP_TOKENS,0,
gz14,거제,농소몽돌해수욕장,거제북로 2593 지오코딩 확인,0,0,,,NO_EXACT_MUNICIPALITY_TOWNSHIP_TOKENS,0,
gzx1,거제,외도 보타니아,한국관광 데이터랩 인기 관광지 · 일운면 외도길 17 지오코딩 확인,0,0,,,NO_EXACT_MUNICIPALITY_TOWNSHIP_TOKENS,0,
gzx2,거제,학동 흑진주 몽돌해변,한국관광 데이터랩 인기 관광지 · 동부면 학동6길 30 지오코딩 확인,0,0,,,NO_EXACT_MUNICIPALITY_TOWNSHIP_TOKENS,0,
gzx3,거제,신선대,한국관광 데이터랩 인기 관광지 · 남부면 갈곶리 산21-20 지오코딩 확인,0,0,,,NO_EXACT_MUNICIPALITY_TOWNSHIP_TOKENS,0,
gzx4,거제,구조라성,거제시 관광 안내 · 일운면 구조라리 산65-3 지오코딩 확인,1,0,,,MATCH_CANDIDATE,1,경상남도 거제시 일운면
gzx5,거제,구조라해수욕장,거제시 관광 안내 · 일운면 구조라리 500-1 지오코딩 확인,1,0,,,MATCH_CANDIDATE,1,경상남도 거제시 일운면
gzx6,거제,지심도,거제시 관광 안내 · 일운면 지심도길 31-2 지오코딩 확인,1,0,,,MATCH_CANDIDATE,1,경상남도 거제시 일운면
gzx7,거제,거제 포로수용소 유적공원,거제시 관광 안내 · 계룡로 61 지오코딩 확인,0,0,,,NO_EXACT_MUNICIPALITY_TOWNSHIP_TOKENS,0,
gzx8,거제,여차·홍포 전망대,거제시 관광 안내 · 남부면 다포리 산38-145 지오코딩 확인,1,0,,,MATCH_CANDIDATE,1,경상남도 거제시 남부면
ctu1,부산,대변항,부산 기장군 기장읍 대변리 274-17 · 전국시티투어 경유지 · 카카오 좌표,1,0,,부산광역시,MATCH_CANDIDATE,1,부산광역시 기장군 기장읍
ctu2,부산,국회부산도서관,부산 강서구 명지국제1로 161 · 전국시티투어 경유지 · 카카오 좌표,0,0,,부산광역시,NO_EXACT_MUNICIPALITY_TOWNSHIP_TOKENS,0,
ctu3,제주,오래물광장,제주특별자치도 제주시 도두일동 2605-5 · 전국시티투어 경유지 · 카카오 좌표,0,0,,제주특별자치도,NO_EXACT_MUNICIPALITY_TOWNSHIP_TOKENS,0,
ctu4,제주,산지천,제주특별자치도 제주시 일도일동 1498 · 전국시티투어 경유지 · 카카오 좌표,0,0,,제주특별자치도,NO_EXACT_MUNICIPALITY_TOWNSHIP_TOKENS,0,
ctu5,대구,화원동산,대구 달성군 화원읍 사문진로1길 40-14 · 전국시티투어 경유지 · 카카오 좌표,1,0,,대구광역시,MATCH_CANDIDATE,1,대구광역시 달성군 화원읍
ctu6,해남,산이정원,전남광주통합특별시 해남군 산이면 구성리 664 · 전국시티투어 경유지 · 카카오 좌표,1,0,,전남광주통합특별시,MATCH_CANDIDATE,1,전남광주통합특별시 해남군 산이면
ctu7,광양,광양향교,전남광주통합특별시 광양시 광양읍 향교길 67 · 전국시티투어 경유지 · 카카오 좌표,1,0,,전남광주통합특별시,MATCH_CANDIDATE,1,전남광주통합특별시 광양시 광양읍
ctu8,광양,배알도 섬정원,전남광주통합특별시 광양시 태인동 산 1 · 전국시티투어 경유지 · 카카오 좌표,1,0,,전남광주통합특별시,MATCH_CANDIDATE,1,전남광주통합특별시 광양시 태인동
ctu9,광양,전남도립미술관,전남광주통합특별시 광양시 광양읍 순광로 660 · 전국시티투어 경유지 · 카카오 좌표,1,0,,전남광주통합특별시,MATCH_CANDIDATE,1,전남광주통합특별시 광양시 광양읍
ctu10,광양,광양예술창고,전남광주통합특별시 광양시 광양읍 순광로 664 · 전국시티투어 경유지 · 카카오 좌표,1,0,,전남광주통합특별시,MATCH_CANDIDATE,1,전남광주통합특별시 광양시 광양읍
ctu11,광양,해오름육교,전남광주통합특별시 광양시 마동 1125 · 전국시티투어 경유지 · 카카오 좌표,0,0,,전남광주통합특별시,NO_EXACT_MUNICIPALITY_TOWNSHIP_TOKENS,0,
ctu12,여수,국동어항단지,전남광주통합특별시 여수시 봉산동 100 · 전국시티투어 경유지 · 카카오 좌표,0,0,,전남광주통합특별시,NO_EXACT_MUNICIPALITY_TOWNSHIP_TOKENS,0,
ctu13,여수,돌산대교,전남광주통합특별시 여수시 남산동 56-5 · 전국시티투어 경유지 · 카카오 좌표,0,0,,전남광주통합특별시,NO_EXACT_MUNICIPALITY_TOWNSHIP_TOKENS,0,
ctu14,여수,거북선대교,전남광주통합특별시 여수시 돌산읍 우두리 758-11 · 전국시티투어 경유지 · 카카오 좌표,1,0,,전남광주통합특별시,MATCH_CANDIDATE,1,전남광주통합특별시 여수시 돌산읍
ctu15,여수,만성리형제묘,전남광주통합특별시 여수시 만흥동 산 269-2 · 전국시티투어 경유지 · 카카오 좌표,0,0,,전남광주통합특별시,NO_EXACT_MUNICIPALITY_TOWNSHIP_TOKENS,0,
ctu16,여수,여순사건희생자위령비,전남광주통합특별시 여수시 만흥동 149-6 · 전국시티투어 경유지 · 카카오 좌표,0,0,,전남광주통합특별시,NO_EXACT_MUNICIPALITY_TOWNSHIP_TOKENS,0,
ctu17,여수,둔병대교,전남광주통합특별시 여수시 화정면 조발리 산 70 · 전국시티투어 경유지 · 카카오 좌표,1,0,,전남광주통합특별시,MATCH_CANDIDATE,1,전남광주통합특별시 여수시 화정면
ctu18,여수,팔영대교,전남광주통합특별시 여수시 화정면 적금리 813 · 전국시티투어 경유지 · 카카오 좌표,1,0,,전남광주통합특별시,MATCH_CANDIDATE,1,전남광주통합특별시 여수시 화정면
ctu19,여수,서틀러다육식물원,전남광주통합특별시 여수시 소라면 현천리 1071-3 · 전국시티투어 경유지 · 카카오 좌표,1,0,,전남광주통합특별시,MATCH_CANDIDATE,1,전남광주통합특별시 여수시 소라면
ctu20,화성,민들레연극마을,경기 화성시 만세구 우정읍 이화뱅곳길 22 · 전국시티투어 경유지 · 카카오 좌표,1,0,,경기도,MATCH_CANDIDATE,1,경기도 화성시 만세구 우정읍
ctu21,화성,융릉 건릉 역사문화관,경기 화성시 병점구 효행로481번길 21 · 전국시티투어 경유지 · 카카오 좌표,0,0,,경기도,NO_EXACT_MUNICIPALITY_TOWNSHIP_TOKENS,0,
ctu24,밀양,천주교명례성지,경남 밀양시 하남읍 명례안길 44-3 · 전국시티투어 경유지 · 카카오 좌표,1,0,,경상남도,MATCH_CANDIDATE,1,경상남도 밀양시 하남읍
ctu25,밀양,밀양강둔치 야외공연장,경남 밀양시 삼문동 253-2 · 전국시티투어 경유지 · 카카오 좌표,1,0,,경상남도,MATCH_CANDIDATE,1,경상남도 밀양시 삼문동
ctu26,사천,사천항공우주과학관,경남 사천시 사남면 공단1로 108 · 전국시티투어 경유지 · 카카오 좌표,1,0,,경상남도,MATCH_CANDIDATE,1,경상남도 사천시 사남면
ctu27,사천,대방진굴항,경남 사천시 대방동 251 · 전국시티투어 경유지 · 카카오 좌표,0,0,,경상남도,NO_EXACT_MUNICIPALITY_TOWNSHIP_TOKENS,0,
ctu28,사천,노을전망교,경남 사천시 대방동 758-2 · 전국시티투어 경유지 · 카카오 좌표,0,0,,경상남도,NO_EXACT_MUNICIPALITY_TOWNSHIP_TOKENS,0,
ctu29,영주,영주호 용마루공원2 평은역사,경북 영주시 평은면 수변로 114-126 · 전국시티투어 경유지 · 카카오 좌표,1,0,,경상북도,MATCH_CANDIDATE,1,경상북도 영주시 평은면
ctu30,익산,원불교 중앙총부,전북특별자치도 익산시 익산대로 501 · 전국시티투어 경유지 · 카카오 좌표,0,0,,전북특별자치도,NO_EXACT_MUNICIPALITY_TOWNSHIP_TOKENS,0,
ctu31,서산,간월도,충남 서산시 부석면 간월도리 61-1 · 전국시티투어 경유지 · 카카오 좌표,1,0,,충청남도,MATCH_CANDIDATE,1,충청남도 서산시 부석면
ctu32,서산,삼길포항,충남 서산시 대산읍 화곡리 1891 · 전국시티투어 경유지 · 카카오 좌표,1,0,,충청남도,MATCH_CANDIDATE,1,충청남도 서산시 대산읍
ctu33,연천,연천국악사랑방 서울경서도,경기 연천군 전곡읍 은전로78번길 14 · 전국시티투어 경유지 · 카카오 좌표,1,0,,경기도,MATCH_CANDIDATE,1,경기도 연천군 전곡읍
ctu35,평택,팽성읍객사,경기 평택시 팽성읍 동서촌로 101-3 · 전국시티투어 경유지 · 카카오 좌표,1,0,,경기도,MATCH_CANDIDATE,1,경기도 평택시 팽성읍
ctu37,의정부,자일 산림욕장,경기 의정부시 자일동 산 87 · 전국시티투어 경유지 · 카카오 좌표,0,0,,경기도,NO_EXACT_MUNICIPALITY_TOWNSHIP_TOKENS,0,
ctu38,의정부,백영수미술관,경기 의정부시 안말로58번안길 55-1 · 전국시티투어 경유지 · 카카오 좌표,0,0,,경기도,NO_EXACT_MUNICIPALITY_TOWNSHIP_TOKENS,0,
ctu41,봉화,오전약수관광지,경북 봉화군 물야면 오전약수탕길 18-24 · 전국시티투어 경유지 · 카카오 좌표,1,0,,경상북도,MATCH_CANDIDATE,1,경상북도 봉화군 물야면
ctu42,정선,아리랑센터,강원특별자치도 정선군 정선읍 애산로 51 · 전국시티투어 경유지 · 카카오 좌표,1,0,,강원특별자치도,MATCH_CANDIDATE,1,강원특별자치도 정선군 정선읍
ctu43,가평,공유양조벤처센터 술지움,경기 가평군 상면 청군로 248 · 전국시티투어 경유지 · 카카오 좌표,1,0,,경기도,MATCH_CANDIDATE,1,경기도 가평군 상면
ctu44,가평,가평크루즈,경기 가평군 설악면 미사리로 267-19 · 전국시티투어 경유지 · 카카오 좌표,1,0,,경기도,MATCH_CANDIDATE,1,경기도 가평군 설악면
ctu46,시흥,배곧천,경기 시흥시 배곧동 256-3 · 전국시티투어 경유지 · 카카오 좌표,0,0,,경기도,NO_EXACT_MUNICIPALITY_TOWNSHIP_TOKENS,0,
ctu47,시흥,배다리선착장,경기 시흥시 정왕동 · 전국시티투어 경유지 · 카카오 좌표,0,0,,경기도,NO_EXACT_MUNICIPALITY_TOWNSHIP_TOKENS,0,
ctu48,인천,석모도수목원,인천 강화군 삼산면 삼산북로449번길 161 · 전국시티투어 경유지 · 카카오 좌표,1,0,,인천광역시,MATCH_CANDIDATE,1,인천광역시 강화군 삼산면
ctu49,안산,방아머리선착장,경기 안산시 단원구 대부황금로 1567-3 · 전국시티투어 경유지 · 카카오 좌표,0,0,,경기도,NO_EXACT_MUNICIPALITY_TOWNSHIP_TOKENS,0,
ctu50,안산,그랑꼬또와이너리,경기 안산시 단원구 뻐꾹산길 107 · 전국시티투어 경유지 · 카카오 좌표,0,0,,경기도,NO_EXACT_MUNICIPALITY_TOWNSHIP_TOKENS,0,
ctu51,세종,정부세종컨벤션센터 홍보동 출입구,세종특별자치시 어진동 34-44 · 전국시티투어 경유지 · 카카오 좌표,1,0,,세종특별자치시,MATCH_CANDIDATE,1,세종특별자치시 세종특별자치시 어진동
ctu52,화순,이서커뮤니티센터,전남광주통합특별시 화순군 이서면 백아로 3114 · 전국시티투어 경유지 · 카카오 좌표,1,0,,전남광주통합특별시,MATCH_CANDIDATE,1,전남광주통합특별시 화순군 이서면
ctu53,춘천,소양아트서클,강원특별자치도 춘천시 소양로1가 47-1 · 전국시티투어 경유지 · 카카오 좌표,0,0,,강원특별자치도,NO_EXACT_MUNICIPALITY_TOWNSHIP_TOKENS,0,
ctu54,춘천,KT플라자 춘천점,강원특별자치도 춘천시 금강로 11 · 전국시티투어 경유지 · 카카오 좌표,0,0,,강원특별자치도,NO_EXACT_MUNICIPALITY_TOWNSHIP_TOKENS,0,
ctu55,김해,대성동고분박물관,경남 김해시 가야의길 126 · 전국시티투어 경유지 · 카카오 좌표,0,0,,경상남도,NO_EXACT_MUNICIPALITY_TOWNSHIP_TOKENS,0,
ctu56,영광,숲쟁이꽃동산,전남광주통합특별시 영광군 법성면 진내리 · 전국시티투어 경유지 · 카카오 좌표,1,0,,전남광주통합특별시,MATCH_CANDIDATE,1,전남광주통합특별시 영광군 법성면
ctu57,영광,영광물무산행복숲 질퍽질퍽맨발황톳길,전남광주통합특별시 영광군 묘량면 덕흥리 615 · 전국시티투어 경유지 · 카카오 좌표,1,0,,전남광주통합특별시,MATCH_CANDIDATE,1,전남광주통합특별시 영광군 묘량면
ctu58,완주,플리커책방 두베점,전북특별자치도 완주군 소양면 송광수만로 500 · 전국시티투어 경유지 · 카카오 좌표,1,0,,전북특별자치도,MATCH_CANDIDATE,1,전북특별자치도 완주군 소양면
ctu59,곡성,곡성기차마을전통시장 저온저장고,전남광주통합특별시 곡성군 곡성읍 곡성로 856 · 전국시티투어 경유지 · 카카오 좌표,1,0,,전남광주통합특별시,MATCH_CANDIDATE,1,전남광주통합특별시 곡성군 곡성읍
ctu60,대전,낙조,대전 중구 수도산로 3 · 전국시티투어 경유지 · 카카오 좌표,0,0,,대전광역시,NO_EXACT_MUNICIPALITY_TOWNSHIP_TOKENS,0,
ctu61,홍천,홍천무궁화수목원,강원특별자치도 홍천군 북방면 능평리 산 57 · 전국시티투어 경유지 · 카카오 좌표,1,0,,강원특별자치도,MATCH_CANDIDATE,1,강원특별자치도 홍천군 북방면
ctu62,대전,계룡산국립공원 수통골,대전 유성구 수통골로 47-3 · 전국시티투어 경유지 · 카카오 좌표,0,0,,대전광역시,NO_EXACT_MUNICIPALITY_TOWNSHIP_TOKENS,0,
ctu63,경산,갓바위탐방지원센터,경북 경산시 와촌면 갓바위로 595 · 전국시티투어 경유지 · 카카오 좌표,1,0,,경상북도,MATCH_CANDIDATE,1,경상북도 경산시 와촌면
ctu64,경산,경산의삽살개육종연구소,경북 경산시 와촌면 삽살개공원길 37 · 전국시티투어 경유지 · 카카오 좌표,1,0,,경상북도,MATCH_CANDIDATE,1,경상북도 경산시 와촌면
ctu65,울산,태화강국가정원 십리대숲,울산 중구 태화동 636 · 전국시티투어 경유지 · 카카오 좌표,1,0,,울산광역시,MATCH_CANDIDATE,1,울산광역시 중구 태화동
ctu66,서울,DMZ관광,서울 마포구 마포대로 127 · 전국시티투어 경유지 · 카카오 좌표,0,0,,서울특별시,NO_EXACT_MUNICIPALITY_TOWNSHIP_TOKENS,0,
ctu67,서울,스노우피크 롯데아울렛서울역점,서울 중구 한강대로 405 · 전국시티투어 경유지 · 카카오 좌표,0,0,,서울특별시,NO_EXACT_MUNICIPALITY_TOWNSHIP_TOKENS,0,
ctu68,서울,황금텃밭농장,서울 강서구 개화동 497-2 · 전국시티투어 경유지 · 카카오 좌표,0,0,,서울특별시,NO_EXACT_MUNICIPALITY_TOWNSHIP_TOKENS,0,
ctu69,서울,별빛남문시장 6번 게이트,서울 금천구 독산동 997-15 · 전국시티투어 경유지 · 카카오 좌표,0,0,,서울특별시,NO_EXACT_MUNICIPALITY_TOWNSHIP_TOKENS,0,
ctt1,부산,낙동강하구에코센터,부산 사하구 낙동남로 1240 · 전국시티투어 경유지 · 카카오 좌표,0,0,,부산광역시,NO_EXACT_MUNICIPALITY_TOWNSHIP_TOKENS,0,
ctt2,부산,송도구름산책로 송도365,부산 서구 암남동 129-4 · 전국시티투어 경유지 · 카카오 좌표,1,0,,부산광역시,MATCH_CANDIDATE,1,부산광역시 서구 암남동
ctt3,부산,암남공원,부산 서구 암남동 산 193-4 · 전국시티투어 경유지 · 카카오 좌표,1,0,,부산광역시,MATCH_CANDIDATE,1,부산광역시 서구 암남동
ctt4,부산,동아대학교 석당박물관,부산 서구 구덕로 225 · 전국시티투어 경유지 · 카카오 좌표,0,0,,부산광역시,NO_EXACT_MUNICIPALITY_TOWNSHIP_TOKENS,0,
ctt5,부산,천마산하늘전망대,부산 서구 해돋이로183번길 17-4 · 전국시티투어 경유지 · 카카오 좌표,0,0,,부산광역시,NO_EXACT_MUNICIPALITY_TOWNSHIP_TOKENS,0,
ctt6,부산,평화공원,부산 남구 대연동 706-5 · 전국시티투어 경유지 · 카카오 좌표,0,0,,부산광역시,NO_EXACT_MUNICIPALITY_TOWNSHIP_TOKENS,0,
ctt7,부산,BIFF광장,부산 중구 남포동3가 15-1 · 전국시티투어 경유지 · 카카오 좌표,0,0,,부산광역시,NO_EXACT_MUNICIPALITY_TOWNSHIP_TOKENS,0,
ctt8,부산,UN기념공원 안내소,부산 남구 유엔평화로 93 · 전국시티투어 경유지 · 카카오 좌표,0,0,,부산광역시,NO_EXACT_MUNICIPALITY_TOWNSHIP_TOKENS,0,
ctt9,대구,군위한밤마을 돌담길,대구 군위군 부계면 한티로 2137-3 · 전국시티투어 경유지 · 카카오 좌표,1,0,,대구광역시,MATCH_CANDIDATE,1,대구광역시 군위군 부계면
ctt10,대구,삼국유사테마파크,대구 군위군 의흥면 일연테마로 100 · 전국시티투어 경유지 · 카카오 좌표,1,0,,대구광역시,MATCH_CANDIDATE,1,대구광역시 군위군 의흥면
ctt11,대구,사라온이야기마을,대구 군위군 군위읍 동서길 49 · 전국시티투어 경유지 · 카카오 좌표,1,0,,대구광역시,MATCH_CANDIDATE,1,대구광역시 군위군 군위읍
ctt12,대구,영화 리틀포레스트 촬영지,대구 군위군 우보면 미성5길 58-1 · 전국시티투어 경유지 · 카카오 좌표,1,0,,대구광역시,MATCH_CANDIDATE,1,대구광역시 군위군 우보면
ctt13,대구,도동서원,대구 달성군 구지면 도동서원로 1 · 전국시티투어 경유지 · 카카오 좌표,1,0,,대구광역시,MATCH_CANDIDATE,1,대구광역시 달성군 구지면
ctt14,대구,송해공원,대구 달성군 옥포읍 기세리 969-44 · 전국시티투어 경유지 · 카카오 좌표,1,0,,대구광역시,MATCH_CANDIDATE,1,대구광역시 달성군 옥포읍
ctt15,대구,비슬산자연휴양림,대구 달성군 유가읍 일연선사길 99 · 전국시티투어 경유지 · 카카오 좌표,1,0,,대구광역시,MATCH_CANDIDATE,1,대구광역시 달성군 유가읍
ctt16,대구,대구수목원,대구 달서구 화암로 342 · 전국시티투어 경유지 · 카카오 좌표,0,0,,대구광역시,NO_EXACT_MUNICIPALITY_TOWNSHIP_TOKENS,0,
ctt17,대구,마비정벽화마을,대구 달성군 화원읍 마비정길 262-5 · 전국시티투어 경유지 · 카카오 좌표,1,0,,대구광역시,MATCH_CANDIDATE,1,대구광역시 달성군 화원읍
ctt18,대구,화원자연휴양림,대구 달성군 화원읍 화원휴양림길 126 · 전국시티투어 경유지 · 카카오 좌표,1,0,,대구광역시,MATCH_CANDIDATE,1,대구광역시 달성군 화원읍
ctt19,대구,대명유수지,대구 달서구 대천동 816 · 전국시티투어 경유지 · 카카오 좌표,0,0,,대구광역시,NO_EXACT_MUNICIPALITY_TOWNSHIP_TOKENS,0,
ctt20,대구,삼존석굴모전석탑,대구 군위군 부계면 남산4길 24 · 전국시티투어 경유지 · 카카오 좌표,1,0,,대구광역시,MATCH_CANDIDATE,1,대구광역시 군위군 부계면
ctt21,대구,김수환추기경사랑과나눔공원,대구 군위군 군위읍 군위금성로 270 · 전국시티투어 경유지 · 카카오 좌표,1,0,,대구광역시,MATCH_CANDIDATE,1,대구광역시 군위군 군위읍
ctt22,대구,엄마아빠어렸을적에,대구 군위군 산성면 산성가음로 722 · 전국시티투어 경유지 · 카카오 좌표,1,0,,대구광역시,MATCH_CANDIDATE,1,대구광역시 군위군 산성면
ctt23,대구,화원유원지,대구 달성군 화원읍 사문진로1길 40-14 · 전국시티투어 경유지 · 카카오 좌표,1,0,,대구광역시,MATCH_CANDIDATE,1,대구광역시 달성군 화원읍
ctt24,대구,달성습지,대구 달성군 화원읍 구라리 1769 · 전국시티투어 경유지 · 카카오 좌표,1,0,,대구광역시,MATCH_CANDIDATE,1,대구광역시 달성군 화원읍
ctt25,대구,디아크문화관,대구 달성군 다사읍 강정본길 57 · 전국시티투어 경유지 · 카카오 좌표,1,0,,대구광역시,MATCH_CANDIDATE,1,대구광역시 달성군 다사읍
ctt26,대구,봉무공원,대구 동구 팔공로50길 66 · 전국시티투어 경유지 · 카카오 좌표,0,0,,대구광역시,NO_EXACT_MUNICIPALITY_TOWNSHIP_TOKENS,0,
ctt27,대구,갓바위 자생식물원,대구 동구 갓바위로 223-7 · 전국시티투어 경유지 · 카카오 좌표,0,0,,대구광역시,NO_EXACT_MUNICIPALITY_TOWNSHIP_TOKENS,0,
ctt28,대구,대구방짜유기박물관,대구 동구 도장길 29 · 전국시티투어 경유지 · 카카오 좌표,0,0,,대구광역시,NO_EXACT_MUNICIPALITY_TOWNSHIP_TOKENS,0,
ctt29,대구,대구중구골목투어 근대문화골목(2코스),대구 중구 장관동 55-1 · 전국시티투어 경유지 · 카카오 좌표,0,0,,대구광역시,NO_EXACT_MUNICIPALITY_TOWNSHIP_TOKENS,0,
ctt30,대구,두류공원,대구 달서구 두류동 산 310-9 · 전국시티투어 경유지 · 카카오 좌표,0,0,,대구광역시,NO_EXACT_MUNICIPALITY_TOWNSHIP_TOKENS,0,
ctt31,대구,앞산해넘이전망대,대구 남구 대명동 산 218-15 · 전국시티투어 경유지 · 카카오 좌표,0,0,,대구광역시,NO_EXACT_MUNICIPALITY_TOWNSHIP_TOKENS,0,
ctt32,대구,대구앞산공원,대구 남구 대명동 산 227-5 · 전국시티투어 경유지 · 카카오 좌표,0,0,,대구광역시,NO_EXACT_MUNICIPALITY_TOWNSHIP_TOKENS,0,
ctt33,대구,고산골공룡공원,대구 남구 용두2길 43 · 전국시티투어 경유지 · 카카오 좌표,0,0,,대구광역시,NO_EXACT_MUNICIPALITY_TOWNSHIP_TOKENS,0,
ctt34,대구,메타세콰이어길,대구 달서구 호산로 126 · 전국시티투어 경유지 · 카카오 좌표,0,0,,대구광역시,NO_EXACT_MUNICIPALITY_TOWNSHIP_TOKENS,0,
ctt35,대구,동촌유원지,대구 동구 효동로6길 73 · 전국시티투어 경유지 · 카카오 좌표,0,0,,대구광역시,NO_EXACT_MUNICIPALITY_TOWNSHIP_TOKENS,0,
ctt36,광양,광양김시식지,전남광주통합특별시 광양시 김시식지1길 57-6 · 전국시티투어 경유지 · 카카오 좌표,0,0,,전남광주통합특별시,NO_EXACT_MUNICIPALITY_TOWNSHIP_TOKENS,0,
ctt37,광양,섬진강망덕포구먹거리타운,전남광주통합특별시 광양시 진월면 망덕리 845-82 · 전국시티투어 경유지 · 카카오 좌표,1,0,,전남광주통합특별시,MATCH_CANDIDATE,1,전남광주통합특별시 광양시 진월면
ctt38,광양,조선수군지 선소기념관,전남광주통합특별시 광양시 진월면 선소중앙길 31 · 전국시티투어 경유지 · 카카오 좌표,1,0,,전남광주통합특별시,MATCH_CANDIDATE,1,전남광주통합특별시 광양시 진월면
ctt39,광양,백운산자연휴양림,전남광주통합특별시 광양시 옥룡면 백계로 337 · 전국시티투어 경유지 · 카카오 좌표,1,0,,전남광주통합특별시,MATCH_CANDIDATE,1,전남광주통합특별시 광양시 옥룡면
ctt40,광양,백운산산림박물관,전남광주통합특별시 광양시 옥룡면 백계로 337-1 · 전국시티투어 경유지 · 카카오 좌표,1,0,,전남광주통합특별시,MATCH_CANDIDATE,1,전남광주통합특별시 광양시 옥룡면
ctt41,광양,광양불고기특화거리,전남광주통합특별시 광양시 광양읍 칠성리 · 전국시티투어 경유지 · 카카오 좌표,1,0,,전남광주통합특별시,MATCH_CANDIDATE,1,전남광주통합특별시 광양시 광양읍
ctt42,광양,광양시관광안내소,전남광주통합특별시 광양시 중마중앙로 70 · 전국시티투어 경유지 · 카카오 좌표,0,0,,전남광주통합특별시,NO_EXACT_MUNICIPALITY_TOWNSHIP_TOKENS,0,
ctt43,광양,이순신대교 먹거리타운,전남광주통합특별시 광양시 중동 1800 · 전국시티투어 경유지 · 카카오 좌표,0,0,,전남광주통합특별시,NO_EXACT_MUNICIPALITY_TOWNSHIP_TOKENS,0,
ctt44,여수,소호동동다리,전남광주통합특별시 여수시 소호동 498-1 · 전국시티투어 경유지 · 카카오 좌표,0,0,,전남광주통합특별시,NO_EXACT_MUNICIPALITY_TOWNSHIP_TOKENS,0,
ctt45,여수,여수선소유적,전남광주통합특별시 여수시 시전동 708 · 전국시티투어 경유지 · 카카오 좌표,1,0,,전남광주통합특별시,MATCH_CANDIDATE,1,전남광주통합특별시 여수시 시전동
ctt46,여수,하멜전시관,전남광주통합특별시 여수시 하멜로 96 · 전국시티투어 경유지 · 카카오 좌표,0,0,,전남광주통합특별시,NO_EXACT_MUNICIPALITY_TOWNSHIP_TOKENS,0,
ctt47,여수,여수국가산업단지전망대,전남광주통합특별시 여수시 화치동 산 183-1 · 전국시티투어 경유지 · 카카오 좌표,0,0,,전남광주통합특별시,NO_EXACT_MUNICIPALITY_TOWNSHIP_TOKENS,0,
ctt48,여수,여수충민사,전남광주통합특별시 여수시 충민사길 52-23 · 전국시티투어 경유지 · 카카오 좌표,0,0,,전남광주통합특별시,NO_EXACT_MUNICIPALITY_TOWNSHIP_TOKENS,0,
ctt49,여수,고소대,전남광주통합특별시 여수시 고소3길 13 · 전국시티투어 경유지 · 카카오 좌표,0,0,,전남광주통합특별시,NO_EXACT_MUNICIPALITY_TOWNSHIP_TOKENS,0,
ctt50,여수,이충무공 어머니 사시던 곳,전남광주통합특별시 여수시 신월로 195 · 전국시티투어 경유지 · 카카오 좌표,0,0,,전남광주통합특별시,NO_EXACT_MUNICIPALITY_TOWNSHIP_TOKENS,0,
ctt51,여수,여순사건 기념관,전남광주통합특별시 여수시 오동도로 242 · 전국시티투어 경유지 · 카카오 좌표,0,0,,전남광주통합특별시,NO_EXACT_MUNICIPALITY_TOWNSHIP_TOKENS,0,
ctt52,여수,낭도,전남광주통합특별시 여수시 화정면 낭도리 산 197 · 전국시티투어 경유지 · 카카오 좌표,1,0,,전남광주통합특별시,MATCH_CANDIDATE,1,전남광주통합특별시 여수시 화정면
ctt53,여수,적금도,전남광주통합특별시 여수시 화정면 적금리 378 · 전국시티투어 경유지 · 카카오 좌표,1,0,,전남광주통합특별시,MATCH_CANDIDATE,1,전남광주통합특별시 여수시 화정면
ctt54,여수,적금도전망공원,전남광주통합특별시 여수시 화정면 적금리 158 · 전국시티투어 경유지 · 카카오 좌표,1,0,,전남광주통합특별시,MATCH_CANDIDATE,1,전남광주통합특별시 여수시 화정면
ctt55,여수,가사리생태공원,전남광주통합특별시 여수시 소라면 현천리 1038-2 · 전국시티투어 경유지 · 카카오 좌표,1,0,,전남광주통합특별시,MATCH_CANDIDATE,1,전남광주통합특별시 여수시 소라면
ctt56,여수,전남광주통합특별시해양수산과학관,전남광주통합특별시 여수시 돌산읍 돌산로 2876 · 전국시티투어 경유지 · 카카오 좌표,1,0,,전남광주통합특별시,MATCH_CANDIDATE,1,전남광주통합특별시 여수시 돌산읍
ctt57,목포,유달유원지,전남광주통합특별시 목포시 죽교동 465-142 · 전국시티투어 경유지 · 카카오 좌표,1,0,,전남광주통합특별시,MATCH_CANDIDATE,1,전남광주통합특별시 목포시 죽교동
ctt58,목포,목포스카이워크,전남광주통합특별시 목포시 해양대학로 59 · 전국시티투어 경유지 · 카카오 좌표,0,0,,전남광주통합특별시,NO_EXACT_MUNICIPALITY_TOWNSHIP_TOKENS,0,
ctt59,목포,가톨릭목포성지 역사박물관,전남광주통합특별시 목포시 노송길 35 · 전국시티투어 경유지 · 카카오 좌표,0,0,,전남광주통합특별시,NO_EXACT_MUNICIPALITY_TOWNSHIP_TOKENS,0,
ctt60,목포,김대중노벨평화상기념관,전남광주통합특별시 목포시 삼학로92번길 68 · 전국시티투어 경유지 · 카카오 좌표,0,0,,전남광주통합특별시,NO_EXACT_MUNICIPALITY_TOWNSHIP_TOKENS,0,
ctt61,목포,목포자연사박물관,전남광주통합특별시 목포시 남농로 135 · 전국시티투어 경유지 · 카카오 좌표,0,0,,전남광주통합특별시,NO_EXACT_MUNICIPALITY_TOWNSHIP_TOKENS,0,
ctt62,화성,화성요트,경기 화성시 만세구 서신면 전곡항로 5 · 전국시티투어 경유지 · 카카오 좌표,1,0,,경기도,MATCH_CANDIDATE,1,경기도 화성시 만세구 서신면
ctt63,화성,화성시공예문화관,경기 화성시 만세구 우정읍 고온리안길 24-9 · 전국시티투어 경유지 · 카카오 좌표,1,0,,경기도,MATCH_CANDIDATE,1,경기도 화성시 만세구 우정읍
ctt64,화성,예랑도예원,경기 화성시 효행구 봉담읍 삼봉길 100-11 · 전국시티투어 경유지 · 카카오 좌표,1,0,,경기도,MATCH_CANDIDATE,1,경기도 화성시 효행구 봉담읍
ctt65,화성,소다미술관,경기 화성시 병점구 효행로707번길 30 · 전국시티투어 경유지 · 카카오 좌표,0,0,,경기도,NO_EXACT_MUNICIPALITY_TOWNSHIP_TOKENS,0,
ctt66,화성,진주목장,경기 화성시 효행구 비봉면 일묵동길 24 · 전국시티투어 경유지 · 카카오 좌표,1,0,,경기도,MATCH_CANDIDATE,1,경기도 화성시 효행구 비봉면
ctt67,화성,라바팜스토리,경기 화성시 만세구 남양읍 남양로368번길 127 · 전국시티투어 경유지 · 카카오 좌표,1,0,,경기도,MATCH_CANDIDATE,1,경기도 화성시 만세구 남양읍
ctt68,화성,백미리어촌체험휴양마을,경기 화성시 만세구 서신면 백미길 210-35 · 전국시티투어 경유지 · 카카오 좌표,1,0,,경기도,MATCH_CANDIDATE,1,경기도 화성시 만세구 서신면
ctt69,화성,제부마리나 클럽하우스,경기 화성시 만세구 서신면 해안길 467 · 전국시티투어 경유지 · 카카오 좌표,1,0,,경기도,MATCH_CANDIDATE,1,경기도 화성시 만세구 서신면
ctt70,화성,궁평관광지,경기 화성시 만세구 서신면 궁평리 513-9 · 전국시티투어 경유지 · 카카오 좌표,1,0,,경기도,MATCH_CANDIDATE,1,경기도 화성시 만세구 서신면
ctt71,화성,전곡항 층상 응회암,경기 화성시 만세구 서신면 장외리 · 전국시티투어 경유지 · 카카오 좌표,1,0,,경기도,MATCH_CANDIDATE,1,경기도 화성시 만세구 서신면
ctt72,화성,화성황금해안길 3구간 궁평관광길,경기 화성시 만세구 서신면 백미리 352-5 · 전국시티투어 경유지 · 카카오 좌표,1,0,,경기도,MATCH_CANDIDATE,1,경기도 화성시 만세구 서신면
ctt73,화성,화성융릉과건릉,경기 화성시 병점구 효행로481번길 21 · 전국시티투어 경유지 · 카카오 좌표,0,0,,경기도,NO_EXACT_MUNICIPALITY_TOWNSHIP_TOKENS,0,
ctt74,화성,제부도,경기 화성시 만세구 서신면 제부리 · 전국시티투어 경유지 · 카카오 좌표,1,0,,경기도,MATCH_CANDIDATE,1,경기도 화성시 만세구 서신면
ctt75,화성,공룡알화석산지 방문자센터,경기 화성시 만세구 송산면 공룡로 659 · 전국시티투어 경유지 · 카카오 좌표,1,0,,경기도,MATCH_CANDIDATE,1,경기도 화성시 만세구 송산면
ctt76,화성,제부도해상케이블카 서해랑 전곡정류장,경기 화성시 만세구 서신면 전곡항로 1-10 · 전국시티투어 경유지 · 카카오 좌표,1,0,,경기도,MATCH_CANDIDATE,1,경기도 화성시 만세구 서신면
ctt77,화성,화성시우리꽃식물원,경기 화성시 만세구 팔탄면 3.1만세로 777-17 · 전국시티투어 경유지 · 카카오 좌표,1,0,,경기도,MATCH_CANDIDATE,1,경기도 화성시 만세구 팔탄면
ctt78,화성,서해랑길 87코스,경기 화성시 만세구 우정읍 매향리 976 · 전국시티투어 경유지 · 카카오 좌표,1,0,,경기도,MATCH_CANDIDATE,1,경기도 화성시 만세구 우정읍
ctt79,화성,남양성모성지,경기 화성시 만세구 남양읍 남양성지로 112 · 전국시티투어 경유지 · 카카오 좌표,1,0,,경기도,MATCH_CANDIDATE,1,경기도 화성시 만세구 남양읍
ctt80,화성,용주사,경기 화성시 병점구 용주로 136 · 전국시티투어 경유지 · 카카오 좌표,0,0,,경기도,NO_EXACT_MUNICIPALITY_TOWNSHIP_TOKENS,0,
ctt81,화성,화성시독립운동기념관,경기 화성시 만세구 향남읍 제암고주로 34 · 전국시티투어 경유지 · 카카오 좌표,1,0,,경기도,MATCH_CANDIDATE,1,경기도 화성시 만세구 향남읍
ctt82,화성,정조효공원,경기 화성시 병점구 안녕동 228 · 전국시티투어 경유지 · 카카오 좌표,0,0,,경기도,NO_EXACT_MUNICIPALITY_TOWNSHIP_TOKENS,0,
ctt83,합천,핫들생태공원,경남 합천군 율곡면 임북리 810-1 · 전국시티투어 경유지 · 카카오 좌표,1,0,,경상남도,MATCH_CANDIDATE,1,경상남도 합천군 율곡면
ctt84,밀양,만어사,경남 밀양시 삼랑진읍 만어로 776 · 전국시티투어 경유지 · 카카오 좌표,1,0,,경상남도,MATCH_CANDIDATE,1,경상남도 밀양시 삼랑진읍
ctt85,밀양,수산제역사공원,경남 밀양시 하남읍 양동리 671 · 전국시티투어 경유지 · 카카오 좌표,1,0,,경상남도,MATCH_CANDIDATE,1,경상남도 밀양시 하남읍
ctt86,밀양,밀양아리랑 우주천문대,경남 밀양시 밀양대공원로 86 · 전국시티투어 경유지 · 카카오 좌표,0,0,,경상남도,NO_EXACT_MUNICIPALITY_TOWNSHIP_TOKENS,0,
ctt87,밀양,밀양향교,경남 밀양시 밀양향교3길 19 · 전국시티투어 경유지 · 카카오 좌표,0,0,,경상남도,NO_EXACT_MUNICIPALITY_TOWNSHIP_TOKENS,0,
ctt88,밀양,밀양아리랑아트센터,경남 밀양시 밀양대공원로 112 · 전국시티투어 경유지 · 카카오 좌표,0,0,,경상남도,NO_EXACT_MUNICIPALITY_TOWNSHIP_TOKENS,0,
ctt89,사천,사천시 우주항공청 홍보관,경남 사천시 용현면 시청로 77 · 전국시티투어 경유지 · 카카오 좌표,1,0,,경상남도,MATCH_CANDIDATE,1,경상남도 사천시 용현면
ctt90,사천,무지갯빛해안도로,경남 사천시 용현면 금문리 212-3 · 전국시티투어 경유지 · 카카오 좌표,1,0,,경상남도,MATCH_CANDIDATE,1,경상남도 사천시 용현면
ctt91,사천,다솔사 봉일암,경남 사천시 곤명면 다솔사길 424 · 전국시티투어 경유지 · 카카오 좌표,1,0,,경상남도,MATCH_CANDIDATE,1,경상남도 사천시 곤명면
ctt92,사천,사천조명군총,경남 사천시 용현면 선진리 402 · 전국시티투어 경유지 · 카카오 좌표,1,0,,경상남도,MATCH_CANDIDATE,1,경상남도 사천시 용현면
ctt93,사천,모충공원,경남 사천시 송포동 산 161-5 · 전국시티투어 경유지 · 카카오 좌표,0,0,,경상남도,NO_EXACT_MUNICIPALITY_TOWNSHIP_TOKENS,0,
ctt94,사천,사천케이블카자연휴양림,경남 사천시 실안길 242-45 · 전국시티투어 경유지 · 카카오 좌표,0,0,,경상남도,NO_EXACT_MUNICIPALITY_TOWNSHIP_TOKENS,0,
ctt95,영주,영주금성대군신단,경북 영주시 순흥면 소백로2767번길 5 · 전국시티투어 경유지 · 카카오 좌표,1,0,,경상북도,MATCH_CANDIDATE,1,경상북도 영주시 순흥면
ctt96,영주,관사골 부용대,경북 영주시 영주동 150-11 · 전국시티투어 경유지 · 카카오 좌표,0,0,,경상북도,NO_EXACT_MUNICIPALITY_TOWNSHIP_TOKENS,0,
ctt97,영주,영주댐전망대,경북 영주시 평은면 수변로 50-61 · 전국시티투어 경유지 · 카카오 좌표,1,0,,경상북도,MATCH_CANDIDATE,1,경상북도 영주시 평은면
ctt98,영주,용마루2공원,경북 영주시 평은면 금광리 1401 · 전국시티투어 경유지 · 카카오 좌표,1,0,,경상북도,MATCH_CANDIDATE,1,경상북도 영주시 평은면
ctt99,익산,무왕릉,전북특별자치도 익산시 석왕동 산 55 · 전국시티투어 경유지 · 카카오 좌표,0,0,,전북특별자치도,NO_EXACT_MUNICIPALITY_TOWNSHIP_TOKENS,0,
ctt100,익산,나바위성지 성당,전북특별자치도 익산시 망성면 나바위1길 146 · 전국시티투어 경유지 · 카카오 좌표,1,0,,전북특별자치도,MATCH_CANDIDATE,1,전북특별자치도 익산시 망성면
ctt101,익산,익산문화예술의거리,전북특별자치도 익산시 중앙동1가 · 전국시티투어 경유지 · 카카오 좌표,0,0,,전북특별자치도,NO_EXACT_MUNICIPALITY_TOWNSHIP_TOKENS,0,
ctt102,홍성,광천토굴새우젓 홍보전시관,충남 홍성군 광천읍 광천로 119 · 전국시티투어 경유지 · 카카오 좌표,1,0,,충청남도,MATCH_CANDIDATE,1,충청남도 홍성군 광천읍
ctt103,홍성,광천 새우젓토굴 테마공원,충남 홍성군 광천읍 옹암리 475 · 전국시티투어 경유지 · 카카오 좌표,1,0,,충청남도,MATCH_CANDIDATE,1,충청남도 홍성군 광천읍
ctt104,홍성,그림같은수목원,충남 홍성군 광천읍 충서로400번길 102-36 · 전국시티투어 경유지 · 카카오 좌표,1,0,,충청남도,MATCH_CANDIDATE,1,충청남도 홍성군 광천읍
ctt105,홍성,남당노을전망대,충남 홍성군 서부면 남당리 767-18 · 전국시티투어 경유지 · 카카오 좌표,1,0,,충청남도,MATCH_CANDIDATE,1,충청남도 홍성군 서부면
ctt106,홍성,어사리 노을공원,충남 홍성군 서부면 어사리 490-1 · 전국시티투어 경유지 · 카카오 좌표,1,0,,충청남도,MATCH_CANDIDATE,1,충청남도 홍성군 서부면
ctt107,홍성,이응노의집,충남 홍성군 홍북읍 이응노로 61-7 · 전국시티투어 경유지 · 카카오 좌표,1,0,,충청남도,MATCH_CANDIDATE,1,충청남도 홍성군 홍북읍
ctt108,서산,서산버드랜드,충남 서산시 부석면 천수만로 655-73 · 전국시티투어 경유지 · 카카오 좌표,1,0,,충청남도,MATCH_CANDIDATE,1,충청남도 서산시 부석면
ctt109,서산,천수만,충남 서산시 부석면 간월도리 · 전국시티투어 경유지 · 카카오 좌표,1,0,,충청남도,MATCH_CANDIDATE,1,충청남도 서산시 부석면
ctt110,서산,서산시광역자원회수시설 전망대,충남 서산시 양대11로 34 · 전국시티투어 경유지 · 카카오 좌표,0,0,,충청남도,NO_EXACT_MUNICIPALITY_TOWNSHIP_TOKENS,0,
ctt111,서산,서산동부전통시장 쌈지공원,충남 서산시 동문동 900 · 전국시티투어 경유지 · 카카오 좌표,0,0,,충청남도,NO_EXACT_MUNICIPALITY_TOWNSHIP_TOKENS,0,
ctt112,서산,황금산,충남 서산시 대산읍 독곶리 산 230-2 · 전국시티투어 경유지 · 카카오 좌표,1,0,,충청남도,MATCH_CANDIDATE,1,충청남도 서산시 대산읍
ctt113,서산,안견기념관,충남 서산시 지곡면 안견관길 15-17 · 전국시티투어 경유지 · 카카오 좌표,1,0,,충청남도,MATCH_CANDIDATE,1,충청남도 서산시 지곡면
ctt114,서산,해미 국제성지,충남 서산시 해미면 성지1로 13 · 전국시티투어 경유지 · 카카오 좌표,1,0,,충청남도,MATCH_CANDIDATE,1,충청남도 서산시 해미면
ctt115,천안,충청남도안전체험관,충남 천안시 동남구 태조산길 267-17 · 전국시티투어 경유지 · 카카오 좌표,0,0,,충청남도,NO_EXACT_MUNICIPALITY_TOWNSHIP_TOKENS,0,
ctt116,천안,태조산공원,충남 천안시 동남구 태조산길 261 · 전국시티투어 경유지 · 카카오 좌표,0,0,,충청남도,NO_EXACT_MUNICIPALITY_TOWNSHIP_TOKENS,0,
ctt117,천안,유관순열사사적지,충남 천안시 동남구 병천면 유관순길 38 · 전국시티투어 경유지 · 카카오 좌표,1,0,,충청남도,MATCH_CANDIDATE,1,충청남도 천안시 동남구 병천면
ctt118,충주,중원문화길 1코스(생태탐방길),충북 충주시 목행동 · 전국시티투어 경유지 · 카카오 좌표,0,0,,충청북도,NO_EXACT_MUNICIPALITY_TOWNSHIP_TOKENS,0,
ctt119,충주,비내길 2코스,충북 충주시 앙성면 조천리 산 40 · 전국시티투어 경유지 · 카카오 좌표,1,0,,충청북도,MATCH_CANDIDATE,1,충청북도 충주시 앙성면
ctt120,태백,철암탄광역사촌,강원특별자치도 태백시 동태백로 402 · 전국시티투어 경유지 · 카카오 좌표,0,0,,강원특별자치도,NO_EXACT_MUNICIPALITY_TOWNSHIP_TOKENS,0,
ctt121,원주,빙하미술관,강원특별자치도 원주시 지정면 구재로 66 · 전국시티투어 경유지 · 카카오 좌표,1,0,,강원특별자치도,MATCH_CANDIDATE,1,강원특별자치도 원주시 지정면
ctt122,연천,숭의전,경기 연천군 미산면 숭의전로 382-27 · 전국시티투어 경유지 · 카카오 좌표,1,0,,경기도,MATCH_CANDIDATE,1,경기도 연천군 미산면
ctt123,연천,은대리문화벽돌공장,경기 연천군 전곡읍 평화로940번길 72-27 · 전국시티투어 경유지 · 카카오 좌표,1,0,,경기도,MATCH_CANDIDATE,1,경기도 연천군 전곡읍
ctt124,연천,재인폭포,경기 연천군 연천읍 부곡리 산 235 · 전국시티투어 경유지 · 카카오 좌표,1,0,,경기도,MATCH_CANDIDATE,1,경기도 연천군 연천읍
ctt125,연천,태풍전망대,경기 연천군 중면 횡산리 산 108-1 · 전국시티투어 경유지 · 카카오 좌표,1,0,,경기도,MATCH_CANDIDATE,1,경기도 연천군 중면
ctt126,연천,한탄강 베개용암 출렁다리,경기 연천군 전곡읍 신답리 산 98 · 전국시티투어 경유지 · 카카오 좌표,1,0,,경기도,MATCH_CANDIDATE,1,경기도 연천군 전곡읍
ctt127,연천,임진강자연센터,경기 연천군 미산면 마동로196번길 226-23 · 전국시티투어 경유지 · 카카오 좌표,1,0,,경기도,MATCH_CANDIDATE,1,경기도 연천군 미산면
ctt128,연천,연천 경순왕릉,경기 연천군 장남면 장남로 288 · 전국시티투어 경유지 · 카카오 좌표,1,0,,경기도,MATCH_CANDIDATE,1,경기도 연천군 장남면
ctt129,연천,고랑포구역사공원,경기 연천군 장남면 고랑포리 209-2 · 전국시티투어 경유지 · 카카오 좌표,1,0,,경기도,MATCH_CANDIDATE,1,경기도 연천군 장남면
ctt130,연천,연천호로고루,경기 연천군 장남면 원당리 1257-1 · 전국시티투어 경유지 · 카카오 좌표,1,0,,경기도,MATCH_CANDIDATE,1,경기도 연천군 장남면
ctt131,이천,도예촌쌀밥거리,경기 이천시 신둔면 수광리 · 전국시티투어 경유지 · 카카오 좌표,1,0,,경기도,MATCH_CANDIDATE,1,경기도 이천시 신둔면
ctt132,이천,이천산수유마을,경기 이천시 백사면 원적로775번길 17 · 전국시티투어 경유지 · 카카오 좌표,1,0,,경기도,MATCH_CANDIDATE,1,경기도 이천시 백사면
ctt133,이천,서경들마을,경기 이천시 모가면 진상미로1178번길 13 · 전국시티투어 경유지 · 카카오 좌표,1,0,,경기도,MATCH_CANDIDATE,1,경기도 이천시 모가면
ctt134,이천,자채방아마을,경기 이천시 대월면 대월로358번길 168-24 · 전국시티투어 경유지 · 카카오 좌표,1,0,,경기도,MATCH_CANDIDATE,1,경기도 이천시 대월면
ctt135,평택,진위향교,경기 평택시 진위면 진위로 49 · 전국시티투어 경유지 · 카카오 좌표,1,0,,경기도,MATCH_CANDIDATE,1,경기도 평택시 진위면
ctt136,평택,원릉군기념관,경기 평택시 원릉군길 96-5 · 전국시티투어 경유지 · 카카오 좌표,0,0,,경기도,NO_EXACT_MUNICIPALITY_TOWNSHIP_TOKENS,0,
ctt137,평택,정도전사당,경기 평택시 진위면 은산길 80-15 · 전국시티투어 경유지 · 카카오 좌표,1,0,,경기도,MATCH_CANDIDATE,1,경기도 평택시 진위면
ctt138,평택,만기사,경기 평택시 진위면 진위로 181-82 · 전국시티투어 경유지 · 카카오 좌표,1,0,,경기도,MATCH_CANDIDATE,1,경기도 평택시 진위면
ctt139,평택,평택향교,경기 평택시 팽성읍 부용로17번길 40 · 전국시티투어 경유지 · 카카오 좌표,1,0,,경기도,MATCH_CANDIDATE,1,경기도 평택시 팽성읍
ctt140,평택,농성,경기 평택시 팽성읍 안정리 78-30 · 전국시티투어 경유지 · 카카오 좌표,1,0,,경기도,MATCH_CANDIDATE,1,경기도 평택시 팽성읍
ctt141,평택,수도사,경기 평택시 포승읍 호암길 58 · 전국시티투어 경유지 · 카카오 좌표,1,0,,경기도,MATCH_CANDIDATE,1,경기도 평택시 포승읍
ctt142,평택,심복사,경기 평택시 현덕면 심복사길 22 · 전국시티투어 경유지 · 카카오 좌표,1,0,,경기도,MATCH_CANDIDATE,1,경기도 평택시 현덕면
ctt143,평택,이대원장군묘및신도비,경기 평택시 포승읍 희곡리 산 83-6 · 전국시티투어 경유지 · 카카오 좌표,1,0,,경기도,MATCH_CANDIDATE,1,경기도 평택시 포승읍
ctt144,평택,오썸플랙스,경기 평택시 고덕면 도시지원1길 91 · 전국시티투어 경유지 · 카카오 좌표,1,0,,경기도,MATCH_CANDIDATE,1,경기도 평택시 고덕면
ctt145,평택,신당근린공원 평택항홍보관,경기 평택시 포승읍 평택항로 98 · 전국시티투어 경유지 · 카카오 좌표,1,0,,경기도,MATCH_CANDIDATE,1,경기도 평택시 포승읍
ctt146,평택,평택문화원 웃다리문화촌,경기 평택시 서탄면 용소금각로 438-14 · 전국시티투어 경유지 · 카카오 좌표,1,0,,경기도,MATCH_CANDIDATE,1,경기도 평택시 서탄면
ctt147,평택,팽성생활사박물관,경기 평택시 팽성읍 안정로39번길 21 · 전국시티투어 경유지 · 카카오 좌표,1,0,,경기도,MATCH_CANDIDATE,1,경기도 평택시 팽성읍
ctt148,평택,원평나루,경기 평택시 평택동 · 전국시티투어 경유지 · 카카오 좌표,0,0,,경기도,NO_EXACT_MUNICIPALITY_TOWNSHIP_TOKENS,0,
ctt149,평택,내리문화공원,경기 평택시 팽성읍 내리 260 · 전국시티투어 경유지 · 카카오 좌표,1,0,,경기도,MATCH_CANDIDATE,1,경기도 평택시 팽성읍
ctt150,평택,안정리예술인광장,경기 평택시 팽성읍 안정쇼핑로 11 · 전국시티투어 경유지 · 카카오 좌표,1,0,,경기도,MATCH_CANDIDATE,1,경기도 평택시 팽성읍
ctt151,평택,평택시농업생태원,경기 평택시 오성면 청오로 33-34 · 전국시티투어 경유지 · 카카오 좌표,1,0,,경기도,MATCH_CANDIDATE,1,경기도 평택시 오성면
ctt152,평택,평택호관광단지,경기 평택시 현덕면 평택호길 159 · 전국시티투어 경유지 · 카카오 좌표,1,0,,경기도,MATCH_CANDIDATE,1,경기도 평택시 현덕면
ctt153,청주,청주체육관,충북 청주시 서원구 사직대로 229 · 전국시티투어 경유지 · 카카오 좌표,0,0,,충청북도,NO_EXACT_MUNICIPALITY_TOWNSHIP_TOKENS,0,
ctt154,청주,옥화9경 제1경 청석굴,충북 청주시 상당구 미원면 운암리 산 22 · 전국시티투어 경유지 · 카카오 좌표,1,0,,충청북도,MATCH_CANDIDATE,1,충청북도 청주시 상당구 미원면
ctt155,청주,성안길,충북 청주시 상당구 북문로1가 210-1 · 전국시티투어 경유지 · 카카오 좌표,0,0,,충청북도,NO_EXACT_MUNICIPALITY_TOWNSHIP_TOKENS,0,
ctt156,여주,대신섬,경기 여주시 대신면 천서리 545-5 · 전국시티투어 경유지 · 카카오 좌표,1,0,,경기도,MATCH_CANDIDATE,1,경기도 여주시 대신면
ctt157,여주,이포보전망대,경기 여주시 대신면 여양로 2001 · 전국시티투어 경유지 · 카카오 좌표,1,0,,경기도,MATCH_CANDIDATE,1,경기도 여주시 대신면
ctt158,여주,파사성,경기 여주시 대신면 천서리 산 9 · 전국시티투어 경유지 · 카카오 좌표,1,0,,경기도,MATCH_CANDIDATE,1,경기도 여주시 대신면
ctt159,여주,대로사,경기 여주시 청심로 113 · 전국시티투어 경유지 · 카카오 좌표,0,0,,경기도,NO_EXACT_MUNICIPALITY_TOWNSHIP_TOKENS,0,
ctt160,여주,금은모래캠핑장 어린이물놀이장,경기 여주시 강변유원지길 105 · 전국시티투어 경유지 · 카카오 좌표,0,0,,경기도,NO_EXACT_MUNICIPALITY_TOWNSHIP_TOKENS,0,
ctt161,양산,창기마을체험휴양관,경남 양산시 동면 창기1길 15-5 · 전국시티투어 경유지 · 카카오 좌표,1,0,,경상남도,MATCH_CANDIDATE,1,경상남도 양산시 동면
ctt162,양산,한국궁중꽃박물관,경남 양산시 매곡외산로 232 · 전국시티투어 경유지 · 카카오 좌표,0,0,,경상남도,NO_EXACT_MUNICIPALITY_TOWNSHIP_TOKENS,0,
ctt163,양산,법기수원지,경남 양산시 동면 법기로 198-13 · 전국시티투어 경유지 · 카카오 좌표,1,0,,경상남도,MATCH_CANDIDATE,1,경상남도 양산시 동면
ctt164,봉화,가평리계서당,경북 봉화군 물야면 계서당길 34-1 · 전국시티투어 경유지 · 카카오 좌표,1,0,,경상북도,MATCH_CANDIDATE,1,경상북도 봉화군 물야면
ctt165,봉화,봉화닭실마을,경북 봉화군 봉화읍 충재길 42 · 전국시티투어 경유지 · 카카오 좌표,1,0,,경상북도,MATCH_CANDIDATE,1,경상북도 봉화군 봉화읍
ctt166,봉화,봉화목재문화체험장,경북 봉화군 봉성면 구절로 151 · 전국시티투어 경유지 · 카카오 좌표,1,0,,경상북도,MATCH_CANDIDATE,1,경상북도 봉화군 봉성면
ctt167,봉화,오전약수탕,경북 봉화군 물야면 문수로 1601 · 전국시티투어 경유지 · 카카오 좌표,1,0,,경상북도,MATCH_CANDIDATE,1,경상북도 봉화군 물야면
ctt168,청도,새마을운동발상지 기념관,경북 청도군 청도읍 새마을1길 34 · 전국시티투어 경유지 · 카카오 좌표,1,0,,경상북도,MATCH_CANDIDATE,1,경상북도 청도군 청도읍
ctt169,청도,청도소싸움미디어체험관,경북 청도군 화양읍 남성현로 346 · 전국시티투어 경유지 · 카카오 좌표,1,0,,경상북도,MATCH_CANDIDATE,1,경상북도 청도군 화양읍
ctt170,청도,와인터널,경북 청도군 화양읍 송금리 907-1 · 전국시티투어 경유지 · 카카오 좌표,1,0,,경상북도,MATCH_CANDIDATE,1,경상북도 청도군 화양읍
ctt171,안동,하회세계탈박물관 하회장터,경북 안동시 풍천면 전서로 214-6 · 전국시티투어 경유지 · 카카오 좌표,1,0,,경상북도,MATCH_CANDIDATE,1,경상북도 안동시 풍천면
ctt172,안동,탈놀이전수관,경북 안동시 풍천면 하회종가길 3-15 · 전국시티투어 경유지 · 카카오 좌표,1,0,,경상북도,MATCH_CANDIDATE,1,경상북도 안동시 풍천면
ctt173,안동,영호루,경북 안동시 강남로 187-5 · 전국시티투어 경유지 · 카카오 좌표,0,0,,경상북도,NO_EXACT_MUNICIPALITY_TOWNSHIP_TOKENS,0,
ctt174,안동,웅부공원,경북 안동시 서동문로 193 · 전국시티투어 경유지 · 카카오 좌표,0,0,,경상북도,NO_EXACT_MUNICIPALITY_TOWNSHIP_TOKENS,0,
ctt175,예산,덕산 메타세쿼이아길,충남 예산군 덕산면 시량리 27-31 · 전국시티투어 경유지 · 카카오 좌표,1,0,,충청남도,MATCH_CANDIDATE,1,충청남도 예산군 덕산면
ctt176,예산,덕산온천족욕장,충남 예산군 덕산면 온천단지2로 11 · 전국시티투어 경유지 · 카카오 좌표,1,0,,충청남도,MATCH_CANDIDATE,1,충청남도 예산군 덕산면
ctt177,부여,사비수체육공원 축구장6,충남 부여군 부여읍 구교리 281 · 전국시티투어 경유지 · 카카오 좌표,1,0,,충청남도,MATCH_CANDIDATE,1,충청남도 부여군 부여읍
ctt178,부여,충남종합관광안내소,충남 부여군 부여읍 성왕로 247-9 · 전국시티투어 경유지 · 카카오 좌표,1,0,,충청남도,MATCH_CANDIDATE,1,충청남도 부여군 부여읍
ctt179,부여,신동엽문학관,충남 부여군 부여읍 신동엽길 12 · 전국시티투어 경유지 · 카카오 좌표,1,0,,충청남도,MATCH_CANDIDATE,1,충청남도 부여군 부여읍
ctt180,부여,백강문화관,충남 부여군 부여읍 사비로 91 · 전국시티투어 경유지 · 카카오 좌표,1,0,,충청남도,MATCH_CANDIDATE,1,충청남도 부여군 부여읍
ctt181,정선,정선아리랑 창작센터,강원특별자치도 정선군 정선읍 정선로 411 · 전국시티투어 경유지 · 카카오 좌표,1,0,,강원특별자치도,MATCH_CANDIDATE,1,강원특별자치도 정선군 정선읍
ctt182,정선,정선아라리촌,강원특별자치도 정선군 정선읍 애산로 37 · 전국시티투어 경유지 · 카카오 좌표,1,0,,강원특별자치도,MATCH_CANDIDATE,1,강원특별자치도 정선군 정선읍
ctt183,정선,정선가리왕산케이블카 숙암역,강원특별자치도 정선군 북평면 중봉길 41-35 · 전국시티투어 경유지 · 카카오 좌표,1,0,,강원특별자치도,MATCH_CANDIDATE,1,강원특별자치도 정선군 북평면
ctt184,가평,가평레일파크,경기 가평군 가평읍 장터길 14 · 전국시티투어 경유지 · 카카오 좌표,1,0,,경기도,MATCH_CANDIDATE,1,경기도 가평군 가평읍
ctt185,가평,가평빠지아토믹워터파크,경기 가평군 가평읍 북한강변로 970-9 · 전국시티투어 경유지 · 카카오 좌표,1,0,,경기도,MATCH_CANDIDATE,1,경기도 가평군 가평읍
ctt186,가평,신비동물원,경기 가평군 설악면 미사리로 189 · 전국시티투어 경유지 · 카카오 좌표,1,0,,경기도,MATCH_CANDIDATE,1,경기도 가평군 설악면
ctt187,파주,DMZ 평화의 길 5코스,경기 파주시 문발동 211-5 · 전국시티투어 경유지 · 카카오 좌표,0,0,,경기도,NO_EXACT_MUNICIPALITY_TOWNSHIP_TOKENS,0,
ctt188,파주,파주혜음원지,경기 파주시 광탄면 용미리 234-1 · 전국시티투어 경유지 · 카카오 좌표,1,0,,경기도,MATCH_CANDIDATE,1,경기도 파주시 광탄면
ctt189,파주,국립민속박물관 파주,경기 파주시 탄현면 헤이리로 30 · 전국시티투어 경유지 · 카카오 좌표,1,0,,경기도,MATCH_CANDIDATE,1,경기도 파주시 탄현면
ctt190,파주,파주장단콩웰빙마루,경기 파주시 탄현면 필승로 396 · 전국시티투어 경유지 · 카카오 좌표,1,0,,경기도,MATCH_CANDIDATE,1,경기도 파주시 탄현면
ctt191,파주,파주임진각평화곤돌라,경기 파주시 문산읍 임진각로 148-73 · 전국시티투어 경유지 · 카카오 좌표,1,0,,경기도,MATCH_CANDIDATE,1,경기도 파주시 문산읍
ctt192,파주,임진각관광지,경기 파주시 문산읍 마정리 1325-2 · 전국시티투어 경유지 · 카카오 좌표,1,0,,경기도,MATCH_CANDIDATE,1,경기도 파주시 문산읍
ctt193,파주,황희선생유적지,경기 파주시 문산읍 반구정로85번길 3 · 전국시티투어 경유지 · 카카오 좌표,1,0,,경기도,MATCH_CANDIDATE,1,경기도 파주시 문산읍
ctt194,파주,황포돛배,경기 파주시 적성면 율곡로 1857 · 전국시티투어 경유지 · 카카오 좌표,1,0,,경기도,MATCH_CANDIDATE,1,경기도 파주시 적성면
ctt195,파주,국립극장 무대예술지원센터,경기 파주시 탄현면 헤이리로 16 · 전국시티투어 경유지 · 카카오 좌표,1,0,,경기도,MATCH_CANDIDATE,1,경기도 파주시 탄현면
ctt196,시흥,관곡지,경기 시흥시 하중동 208 · 전국시티투어 경유지 · 카카오 좌표,0,0,,경기도,NO_EXACT_MUNICIPALITY_TOWNSHIP_TOKENS,0,
ctt197,시흥,물왕호수,경기 시흥시 산현동 188 · 전국시티투어 경유지 · 카카오 좌표,0,0,,경기도,NO_EXACT_MUNICIPALITY_TOWNSHIP_TOKENS,0,
ctt198,시흥,거북섬,경기 시흥시 거북섬로 120 · 전국시티투어 경유지 · 카카오 좌표,0,0,,경기도,NO_EXACT_MUNICIPALITY_TOWNSHIP_TOKENS,0,
ctt199,시흥,패밀리테마파크,경기 시흥시 해송십리로 61 · 전국시티투어 경유지 · 카카오 좌표,0,0,,경기도,NO_EXACT_MUNICIPALITY_TOWNSHIP_TOKENS,0,
ctt200,시흥,거북섬홍보관,경기 시흥시 거북섬4길 2 · 전국시티투어 경유지 · 카카오 좌표,0,0,,경기도,NO_EXACT_MUNICIPALITY_TOWNSHIP_TOKENS,0,
ctt201,시흥,해양생태과학관,경기 시흥시 거북섬서로 35 · 전국시티투어 경유지 · 카카오 좌표,0,0,,경기도,NO_EXACT_MUNICIPALITY_TOWNSHIP_TOKENS,0,
ctt202,시흥,시흥오이도박물관,경기 시흥시 정왕동 2202-6 · 전국시티투어 경유지 · 카카오 좌표,0,0,,경기도,NO_EXACT_MUNICIPALITY_TOWNSHIP_TOKENS,0,
ctt203,대구,비슬산 유가사,대구 달성군 유가읍 유가사길 161 · 전국시티투어 경유지 · 카카오 좌표,1,0,,대구광역시,MATCH_CANDIDATE,1,대구광역시 달성군 유가읍
ctt204,대구,달성화석박물관,대구 달성군 유가읍 테크노대로6길 66 · 전국시티투어 경유지 · 카카오 좌표,1,0,,대구광역시,MATCH_CANDIDATE,1,대구광역시 달성군 유가읍
ctt205,대구,달성현풍 석빙고,대구 달성군 현풍읍 현풍동로 92 · 전국시티투어 경유지 · 카카오 좌표,1,0,,대구광역시,MATCH_CANDIDATE,1,대구광역시 달성군 현풍읍
ctt206,대구,현풍향교,대구 달성군 현풍읍 현풍동로20길 27-8 · 전국시티투어 경유지 · 카카오 좌표,1,0,,대구광역시,MATCH_CANDIDATE,1,대구광역시 달성군 현풍읍
ctt207,군산,동국사,전북특별자치도 군산시 동국사길 16 · 전국시티투어 경유지 · 카카오 좌표,0,0,,전북특별자치도,NO_EXACT_MUNICIPALITY_TOWNSHIP_TOKENS,0,
ctt208,군산,신흥동일본식가옥,전북특별자치도 군산시 구영1길 17 · 전국시티투어 경유지 · 카카오 좌표,0,0,,전북특별자치도,NO_EXACT_MUNICIPALITY_TOWNSHIP_TOKENS,0,
ctt209,동해,관동팔경녹색경관길 동해2코스(묵호역~옥계시장),강원특별자치도 동해시 망상동 · 전국시티투어 경유지 · 카카오 좌표,1,0,,강원특별자치도,MATCH_CANDIDATE,1,강원특별자치도 동해시 망상동
ctt210,안산,안산갈대습지,경기 안산시 상록구 갈대습지로 76 · 전국시티투어 경유지 · 카카오 좌표,0,0,,경기도,NO_EXACT_MUNICIPALITY_TOWNSHIP_TOKENS,0,
ctt211,안산,안산산업역사박물관,경기 안산시 단원구 화랑로 265 · 전국시티투어 경유지 · 카카오 좌표,0,0,,경기도,NO_EXACT_MUNICIPALITY_TOWNSHIP_TOKENS,0,
ctt212,안산,안산식물원,경기 안산시 상록구 성호로 113 · 전국시티투어 경유지 · 카카오 좌표,0,0,,경기도,NO_EXACT_MUNICIPALITY_TOWNSHIP_TOKENS,0,
ctt213,안산,안산다문화거리,경기 안산시 단원구 다문화길 16 · 전국시티투어 경유지 · 카카오 좌표,0,0,,경기도,NO_EXACT_MUNICIPALITY_TOWNSHIP_TOKENS,0,
ctt214,안산,시화조력문화관,경기 안산시 단원구 대부황금로 1927 · 전국시티투어 경유지 · 카카오 좌표,0,0,,경기도,NO_EXACT_MUNICIPALITY_TOWNSHIP_TOKENS,0,
ctt215,안산,종이미술관,경기 안산시 단원구 대남로 233 · 전국시티투어 경유지 · 카카오 좌표,0,0,,경기도,NO_EXACT_MUNICIPALITY_TOWNSHIP_TOKENS,0,
ctt216,안산,유리섬,경기 안산시 단원구 부흥로 254 · 전국시티투어 경유지 · 카카오 좌표,0,0,,경기도,NO_EXACT_MUNICIPALITY_TOWNSHIP_TOKENS,0,
ctt217,안산,바다향기수목원,경기 안산시 단원구 대부황금로 399 · 전국시티투어 경유지 · 카카오 좌표,0,0,,경기도,NO_EXACT_MUNICIPALITY_TOWNSHIP_TOKENS,0,
ctt218,안산,안산대부광산 퇴적암층,경기 안산시 단원구 선감동 산 147-1 · 전국시티투어 경유지 · 카카오 좌표,0,0,,경기도,NO_EXACT_MUNICIPALITY_TOWNSHIP_TOKENS,0,
ctt219,안산,방아머리해변,경기 안산시 단원구 대부북동 · 전국시티투어 경유지 · 카카오 좌표,0,0,,경기도,NO_EXACT_MUNICIPALITY_TOWNSHIP_TOKENS,0,
ctt220,안산,반달섬,경기 안산시 단원구 시화벤처로 704 · 전국시티투어 경유지 · 카카오 좌표,0,0,,경기도,NO_EXACT_MUNICIPALITY_TOWNSHIP_TOKENS,0,
ctt221,세종,도시상징광장,세종특별자치시 나성동 697-4 · 전국시티투어 경유지 · 카카오 좌표,1,0,,세종특별자치시,MATCH_CANDIDATE,1,세종특별자치시 세종특별자치시 나성동
ctt222,세종,방축천 음악분수,세종특별자치시 어진동 761 · 전국시티투어 경유지 · 카카오 좌표,1,0,,세종특별자치시,MATCH_CANDIDATE,1,세종특별자치시 세종특별자치시 어진동
ctt223,세종,초려역사공원,세종특별자치시 도움1로 40 · 전국시티투어 경유지 · 카카오 좌표,0,0,,세종특별자치시,NO_EXACT_MUNICIPALITY_TOWNSHIP_TOKENS,0,
ctt224,세종,아침뜰근린공원 역사공원,세종특별자치시 한솔동 1247 · 전국시티투어 경유지 · 카카오 좌표,1,0,,세종특별자치시,MATCH_CANDIDATE,1,세종특별자치시 세종특별자치시 한솔동
ctt225,세종,세종전통문화체험관,세종특별자치시 모롱지로 94 · 전국시티투어 경유지 · 카카오 좌표,0,0,,세종특별자치시,NO_EXACT_MUNICIPALITY_TOWNSHIP_TOKENS,0,
ctt226,세종,미래엔교과서박물관,세종특별자치시 연동면 청연로 492-14 · 전국시티투어 경유지 · 카카오 좌표,1,0,,세종특별자치시,MATCH_CANDIDATE,1,세종특별자치시 세종특별자치시 연동면
ctt227,세종,세종홍판서댁,세종특별자치시 부강면 용포동촌길 43-19 · 전국시티투어 경유지 · 카카오 좌표,1,0,,세종특별자치시,MATCH_CANDIDATE,1,세종특별자치시 세종특별자치시 부강면
ctt228,세종,숭모각,세종특별자치시 세종동 88-4 · 전국시티투어 경유지 · 카카오 좌표,0,0,,세종특별자치시,NO_EXACT_MUNICIPALITY_TOWNSHIP_TOKENS,0,
ctt229,세종,조천변벚꽃길,세종특별자치시 조치원읍 평리 120 · 전국시티투어 경유지 · 카카오 좌표,1,0,,세종특별자치시,MATCH_CANDIDATE,1,세종특별자치시 세종특별자치시 조치원읍
ctt230,화순,세량제,전남광주통합특별시 화순군 화순읍 세량리 98 · 전국시티투어 경유지 · 카카오 좌표,1,0,,전남광주통합특별시,MATCH_CANDIDATE,1,전남광주통합특별시 화순군 화순읍
ctt231,태안,유류피해극복기념관,충남 태안군 소원면 천리포1길 120 · 전국시티투어 경유지 · 카카오 좌표,1,0,,충청남도,MATCH_CANDIDATE,1,충청남도 태안군 소원면
ctt232,태안,팜카밀레허브농원,충남 태안군 남면 우운길 56-19 · 전국시티투어 경유지 · 카카오 좌표,1,0,,충청남도,MATCH_CANDIDATE,1,충청남도 태안군 남면
ctt233,태안,안면도수목원,충남 태안군 안면읍 안면대로 3195-6 · 전국시티투어 경유지 · 카카오 좌표,1,0,,충청남도,MATCH_CANDIDATE,1,충청남도 태안군 안면읍
ctt234,태안,태안해양유물전시관,충남 태안군 근흥면 신진대교길 94-33 · 전국시티투어 경유지 · 카카오 좌표,1,0,,충청남도,MATCH_CANDIDATE,1,충청남도 태안군 근흥면
ctt235,춘천,공지천,강원특별자치도 춘천시 근화동 · 전국시티투어 경유지 · 카카오 좌표,1,0,,강원특별자치도,MATCH_CANDIDATE,1,강원특별자치도 춘천시 근화동
ctt236,춘천,춘천삼악산호수케이블카,강원특별자치도 춘천시 스포츠타운길 245 · 전국시티투어 경유지 · 카카오 좌표,0,0,,강원특별자치도,NO_EXACT_MUNICIPALITY_TOWNSHIP_TOKENS,0,
ctt237,춘천,강원특별자치도립화목원,강원특별자치도 춘천시 화목원길 24 · 전국시티투어 경유지 · 카카오 좌표,0,0,,강원특별자치도,NO_EXACT_MUNICIPALITY_TOWNSHIP_TOKENS,0,
ctt238,춘천,K-water 소양강댐물문화관,강원특별자치도 춘천시 신북읍 신샘밭로 1128 · 전국시티투어 경유지 · 카카오 좌표,1,0,,강원특별자치도,MATCH_CANDIDATE,1,강원특별자치도 춘천시 신북읍
ctt239,춘천,책과인쇄박물관,강원특별자치도 춘천시 신동면 풍류1길 156 · 전국시티투어 경유지 · 카카오 좌표,1,0,,강원특별자치도,MATCH_CANDIDATE,1,강원특별자치도 춘천시 신동면
ctt240,춘천,춘천사이로248,강원특별자치도 춘천시 수변공원길 18 · 전국시티투어 경유지 · 카카오 좌표,0,0,,강원특별자치도,NO_EXACT_MUNICIPALITY_TOWNSHIP_TOKENS,0,
ctt241,춘천,구봉산전망대카페거리,강원특별자치도 춘천시 동면 장학리 · 전국시티투어 경유지 · 카카오 좌표,1,0,,강원특별자치도,MATCH_CANDIDATE,1,강원특별자치도 춘천시 동면
ctt242,창원,창원스포츠파크 만남의광장,경남 창원시 성산구 원이대로 450 · 전국시티투어 경유지 · 카카오 좌표,0,0,,경상남도,NO_EXACT_MUNICIPALITY_TOWNSHIP_TOKENS,0,
ctt243,창원,창원가로수길,경남 창원시 성산구 용호동 · 전국시티투어 경유지 · 카카오 좌표,0,0,,경상남도,NO_EXACT_MUNICIPALITY_TOWNSHIP_TOKENS,0,
ctt244,창원,창원의집,경남 창원시 의창구 사림로16번길 59 · 전국시티투어 경유지 · 카카오 좌표,0,0,,경상남도,NO_EXACT_MUNICIPALITY_TOWNSHIP_TOKENS,0,
ctt245,창원,상상길,경남 창원시 마산합포구 중성동 169-4 · 전국시티투어 경유지 · 카카오 좌표,0,0,,경상남도,NO_EXACT_MUNICIPALITY_TOWNSHIP_TOKENS,0,
ctt246,창원,장복산,경남 창원시 진해구 태백동 산 52-1 · 전국시티투어 경유지 · 카카오 좌표,1,0,,경상남도,MATCH_CANDIDATE,1,경상남도 창원시 진해구 태백동
ctt247,경기광주,영은미술관,경기 광주시 청석로 300 · 전국시티투어 경유지 · 카카오 좌표,0,0,,경기도,NO_EXACT_MUNICIPALITY_TOWNSHIP_TOKENS,0,
ctt248,경기광주,신익희 생가,경기 광주시 초월읍 서하길 6-25 · 전국시티투어 경유지 · 카카오 좌표,1,0,,경기도,MATCH_CANDIDATE,1,경기도 광주시 초월읍
ctt249,김해,김해탄소중립체험관,경남 김해시 부곡로 33 · 전국시티투어 경유지 · 카카오 좌표,0,0,,경상남도,NO_EXACT_MUNICIPALITY_TOWNSHIP_TOKENS,0,
ctt250,김해,김해목재문화박물관,경남 김해시 관동로27번길 5-49 · 전국시티투어 경유지 · 카카오 좌표,0,0,,경상남도,NO_EXACT_MUNICIPALITY_TOWNSHIP_TOKENS,0,
ctt251,김해,율하유적전시관,경남 김해시 율하1로 63 · 전국시티투어 경유지 · 카카오 좌표,0,0,,경상남도,NO_EXACT_MUNICIPALITY_TOWNSHIP_TOKENS,0,
ctt252,김해,수로왕비릉,경남 김해시 가락로190번길 1 · 전국시티투어 경유지 · 카카오 좌표,0,0,,경상남도,NO_EXACT_MUNICIPALITY_TOWNSHIP_TOKENS,0,
ctt253,김해,김해구지봉,경남 김해시 구산동 산 81-2 · 전국시티투어 경유지 · 카카오 좌표,0,0,,경상남도,NO_EXACT_MUNICIPALITY_TOWNSHIP_TOKENS,0,
ctt254,김해,진영역사공원,경남 김해시 진영읍 진영리 275-94 · 전국시티투어 경유지 · 카카오 좌표,1,0,,경상남도,MATCH_CANDIDATE,1,경상남도 김해시 진영읍
ctt255,김해,화포천습지 과학관,경남 김해시 진영읍 진영로265번길 330 · 전국시티투어 경유지 · 카카오 좌표,1,0,,경상남도,MATCH_CANDIDATE,1,경상남도 김해시 진영읍
ctt256,김해,김해시 수도박물관,경남 김해시 한림면 김해대로 1347 · 전국시티투어 경유지 · 카카오 좌표,1,0,,경상남도,MATCH_CANDIDATE,1,경상남도 김해시 한림면
ctt257,서천,장항6080음식골목 맛나로,충남 서천군 장항읍 창선1리 165 · 전국시티투어 경유지 · 카카오 좌표,1,0,,충청남도,MATCH_CANDIDATE,1,충청남도 서천군 장항읍
ctt258,서천,장항 송림 자연휴양림,충남 서천군 장항읍 장항산단로34번길 122-16 · 전국시티투어 경유지 · 카카오 좌표,1,0,,충청남도,MATCH_CANDIDATE,1,충청남도 서천군 장항읍
ctt259,서천,조류생태전시관,충남 서천군 마서면 장산로 916 · 전국시티투어 경유지 · 카카오 좌표,1,0,,충청남도,MATCH_CANDIDATE,1,충청남도 서천군 마서면
ctt260,서천,금강하구둑관광지,충남 서천군 마서면 장산로855번길 56-2 · 전국시티투어 경유지 · 카카오 좌표,1,0,,충청남도,MATCH_CANDIDATE,1,충청남도 서천군 마서면
ctt261,서천,문헌서원,충남 서천군 기산면 서원로172번길 66 · 전국시티투어 경유지 · 카카오 좌표,1,0,,충청남도,MATCH_CANDIDATE,1,충청남도 서천군 기산면
ctt262,서천,봉선저수지,충남 서천군 시초면 후암리 33-1 · 전국시티투어 경유지 · 카카오 좌표,1,0,,충청남도,MATCH_CANDIDATE,1,충청남도 서천군 시초면
ctt263,서천,이상재선생 생가,충남 서천군 한산면 종단길 71 · 전국시티투어 경유지 · 카카오 좌표,1,0,,충청남도,MATCH_CANDIDATE,1,충청남도 서천군 한산면
ctt264,서천,한산모시관,충남 서천군 한산면 충절로 1089 · 전국시티투어 경유지 · 카카오 좌표,1,0,,충청남도,MATCH_CANDIDATE,1,충청남도 서천군 한산면
ctt265,서천,이하복고택전시관,충남 서천군 기산면 신막로57번길 지하 32-11 · 전국시티투어 경유지 · 카카오 좌표,1,0,,충청남도,MATCH_CANDIDATE,1,충청남도 서천군 기산면
ctt266,서천,성경전래지기념관,충남 서천군 서면 서인로 89-16 · 전국시티투어 경유지 · 카카오 좌표,1,0,,충청남도,MATCH_CANDIDATE,1,충청남도 서천군 서면
ctt267,서천,서천치유의숲 치유센터,충남 서천군 종천면 충서로302번길 88-81 · 전국시티투어 경유지 · 카카오 좌표,1,0,,충청남도,MATCH_CANDIDATE,1,충청남도 서천군 종천면
ctt268,서천,국립해양생물자원관,충남 서천군 장항읍 장산로101번길 75 · 전국시티투어 경유지 · 카카오 좌표,1,0,,충청남도,MATCH_CANDIDATE,1,충청남도 서천군 장항읍
ctt269,영광,백수해안도로,전남광주통합특별시 영광군 백수읍 대신리 산 234-11 · 전국시티투어 경유지 · 카카오 좌표,1,0,,전남광주통합특별시,MATCH_CANDIDATE,1,전남광주통합특별시 영광군 백수읍
ctt270,영광,원불교 영산성지,전남광주통합특별시 영광군 백수읍 성지로 1345 · 전국시티투어 경유지 · 카카오 좌표,1,0,,전남광주통합특별시,MATCH_CANDIDATE,1,전남광주통합특별시 영광군 백수읍
ctt271,영광,매간당,전남광주통합특별시 영광군 군남면 동간길2길 83-1 · 전국시티투어 경유지 · 카카오 좌표,1,0,,전남광주통합특별시,MATCH_CANDIDATE,1,전남광주통합특별시 영광군 군남면
ctt272,영광,불갑사,전남광주통합특별시 영광군 불갑면 불갑사로 450 · 전국시티투어 경유지 · 카카오 좌표,1,0,,전남광주통합특별시,MATCH_CANDIDATE,1,전남광주통합특별시 영광군 불갑면
ctt273,평창,평창돌문화체험관,강원특별자치도 평창군 평창읍 바위공원길 111 · 전국시티투어 경유지 · 카카오 좌표,1,0,,강원특별자치도,MATCH_CANDIDATE,1,강원특별자치도 평창군 평창읍
ctt274,삼척,삼척해양레일바이크 용화정거장,강원특별자치도 삼척시 근덕면 용화해변길 23 · 전국시티투어 경유지 · 카카오 좌표,1,0,,강원특별자치도,MATCH_CANDIDATE,1,강원특별자치도 삼척시 근덕면
ctt275,삼척,삼척해상케이블카 용화역,강원특별자치도 삼척시 근덕면 삼척로 2154-31 · 전국시티투어 경유지 · 카카오 좌표,1,0,,강원특별자치도,MATCH_CANDIDATE,1,강원특별자치도 삼척시 근덕면
ctt276,삼척,삼척활기치유의숲,강원특별자치도 삼척시 미로면 준경길 651-230 · 전국시티투어 경유지 · 카카오 좌표,1,0,,강원특별자치도,MATCH_CANDIDATE,1,강원특별자치도 삼척시 미로면
ctt277,완주,오성제저수지,전북특별자치도 완주군 소양면 대흥리 412 · 전국시티투어 경유지 · 카카오 좌표,1,0,,전북특별자치도,MATCH_CANDIDATE,1,전북특별자치도 완주군 소양면
ctt278,완주,아원고택,전북특별자치도 완주군 소양면 송광수만로 516-7 · 전국시티투어 경유지 · 카카오 좌표,1,0,,전북특별자치도,MATCH_CANDIDATE,1,전북특별자치도 완주군 소양면
ctt279,완주,위봉산성,전북특별자치도 완주군 소양면 대흥리 1-32 · 전국시티투어 경유지 · 카카오 좌표,1,0,,전북특별자치도,MATCH_CANDIDATE,1,전북특별자치도 완주군 소양면
ctt280,완주,위봉폭포,전북특별자치도 완주군 소양면 대흥리 산 1-32 · 전국시티투어 경유지 · 카카오 좌표,1,0,,전북특별자치도,MATCH_CANDIDATE,1,전북특별자치도 완주군 소양면
ctt281,완주,공기마을 편백나무숲,전북특별자치도 완주군 상관면 죽림리 산 214-1 · 전국시티투어 경유지 · 카카오 좌표,1,0,,전북특별자치도,MATCH_CANDIDATE,1,전북특별자치도 완주군 상관면
ctt282,완주,대한민국 술테마박물관,전북특별자치도 완주군 구이면 덕천전원길 232-58 · 전국시티투어 경유지 · 카카오 좌표,1,0,,전북특별자치도,MATCH_CANDIDATE,1,전북특별자치도 완주군 구이면
ctt283,평창,2018평창동계올림픽대회 및 동계패럴림픽대회기념관,강원특별자치도 평창군 대관령면 올림픽로 220 · 전국시티투어 경유지 · 카카오 좌표,1,0,,강원특별자치도,MATCH_CANDIDATE,1,강원특별자치도 평창군 대관령면
ctt284,완도,장보고기념관,전남광주통합특별시 완도군 완도읍 청해진로 1455 · 전국시티투어 경유지 · 카카오 좌표,1,0,,전남광주통합특별시,MATCH_CANDIDATE,1,전남광주통합특별시 완도군 완도읍
ctt285,진도,진도개테마파크,전남광주통합특별시 진도군 진도읍 성죽골길 37 · 전국시티투어 경유지 · 카카오 좌표,1,0,,전남광주통합특별시,MATCH_CANDIDATE,1,전남광주통합특별시 진도군 진도읍
ctt286,진도,운림산방,전남광주통합특별시 진도군 의신면 운림산방로 315 · 전국시티투어 경유지 · 카카오 좌표,1,0,,전남광주통합특별시,MATCH_CANDIDATE,1,전남광주통합특별시 진도군 의신면
ctt287,진도,진도타워,전남광주통합특별시 진도군 군내면 만금길 112-41 · 전국시티투어 경유지 · 카카오 좌표,1,0,,전남광주통합특별시,MATCH_CANDIDATE,1,전남광주통합특별시 진도군 군내면
ctt288,진도,명량해상케이블카 진도스테이션,전남광주통합특별시 진도군 군내면 만금길 112-31 · 전국시티투어 경유지 · 카카오 좌표,1,0,,전남광주통합특별시,MATCH_CANDIDATE,1,전남광주통합특별시 진도군 군내면
ctt289,진도,진도 용장성,전남광주통합특별시 진도군 군내면 용장리 101 · 전국시티투어 경유지 · 카카오 좌표,1,0,,전남광주통합특별시,MATCH_CANDIDATE,1,전남광주통합특별시 진도군 군내면
ctt290,양주,양주초록지기마을,경기 양주시 남면 양연로173번길 26 · 전국시티투어 경유지 · 카카오 좌표,1,0,,경기도,MATCH_CANDIDATE,1,경기도 양주시 남면
ctt291,양주,조명박물관,경기 양주시 광적면 광적로 235-48 · 전국시티투어 경유지 · 카카오 좌표,1,0,,경기도,MATCH_CANDIDATE,1,경기도 양주시 광적면
ctt292,양주,온릉,경기 양주시 장흥면 호국로 255-41 · 전국시티투어 경유지 · 카카오 좌표,1,0,,경기도,MATCH_CANDIDATE,1,경기도 양주시 장흥면
ctt293,양구,DMZ펀치볼둘레길,강원특별자치도 양구군 해안면 해안서화로 35 · 전국시티투어 경유지 · 카카오 좌표,1,0,,강원특별자치도,MATCH_CANDIDATE,1,강원특별자치도 양구군 해안면
ctt294,양구,을지전망대,강원특별자치도 양구군 해안면 이현리 · 전국시티투어 경유지 · 카카오 좌표,1,0,,강원특별자치도,MATCH_CANDIDATE,1,강원특별자치도 양구군 해안면
ctt295,양구,한반도섬,강원특별자치도 양구군 양구읍 한반도섬길 76 · 전국시티투어 경유지 · 카카오 좌표,1,0,,강원특별자치도,MATCH_CANDIDATE,1,강원특별자치도 양구군 양구읍
ctt296,양구,양구수목원,강원특별자치도 양구군 동면 숨골로310번길 131 · 전국시티투어 경유지 · 카카오 좌표,1,0,,강원특별자치도,MATCH_CANDIDATE,1,강원특별자치도 양구군 동면
ctt297,양구,두타연,강원특별자치도 양구군 방산면 고방산리 391 · 전국시티투어 경유지 · 카카오 좌표,1,0,,강원특별자치도,MATCH_CANDIDATE,1,강원특별자치도 양구군 방산면
ctt298,양구,양구백자박물관,강원특별자치도 양구군 방산면 평화로 5182 · 전국시티투어 경유지 · 카카오 좌표,1,0,,강원특별자치도,MATCH_CANDIDATE,1,강원특별자치도 양구군 방산면
ctt299,곡성,곡성섬진강기차마을,전남광주통합특별시 곡성군 오곡면 오지리 770-5 · 전국시티투어 경유지 · 카카오 좌표,1,0,,전남광주통합특별시,MATCH_CANDIDATE,1,전남광주통합특별시 곡성군 오곡면
ctt300,곡성,섬진강레일바이크,전남광주통합특별시 곡성군 오곡면 섬진강로 1465 · 전국시티투어 경유지 · 카카오 좌표,1,0,,전남광주통합특별시,MATCH_CANDIDATE,1,전남광주통합특별시 곡성군 오곡면
ctt301,곡성,6070청춘공작소,전남광주통합특별시 곡성군 곡성읍 낙동원로 8-1 · 전국시티투어 경유지 · 카카오 좌표,1,0,,전남광주통합특별시,MATCH_CANDIDATE,1,전남광주통합특별시 곡성군 곡성읍
ctt302,곡성,스트리트갤러리 107,전남광주통합특별시 곡성군 곡성읍 중앙로 107-1 · 전국시티투어 경유지 · 카카오 좌표,1,0,,전남광주통합특별시,MATCH_CANDIDATE,1,전남광주통합특별시 곡성군 곡성읍
ctt303,곡성,곡성성당,전남광주통합특별시 곡성군 곡성읍 읍내11길 20 · 전국시티투어 경유지 · 카카오 좌표,1,0,,전남광주통합특별시,MATCH_CANDIDATE,1,전남광주통합특별시 곡성군 곡성읍
ctt304,곡성,기차당뚝방마켓,전남광주통합특별시 곡성군 곡성읍 곡성로 898 · 전국시티투어 경유지 · 카카오 좌표,1,0,,전남광주통합특별시,MATCH_CANDIDATE,1,전남광주통합특별시 곡성군 곡성읍
ctt305,대전,대동하늘공원,대전 동구 용운동 산 40-1 · 전국시티투어 경유지 · 카카오 좌표,1,0,,대전광역시,MATCH_CANDIDATE,1,대전광역시 동구 용운동
ctt306,대전,만인산자연휴양림,대전 동구 산내로 106 · 전국시티투어 경유지 · 카카오 좌표,0,0,,대전광역시,NO_EXACT_MUNICIPALITY_TOWNSHIP_TOKENS,0,
ctt307,대전,우암사적공원,대전 동구 충정로 53 · 전국시티투어 경유지 · 카카오 좌표,0,0,,대전광역시,NO_EXACT_MUNICIPALITY_TOWNSHIP_TOKENS,0,
ctt308,대전,뿌리공원 한국족보박물관,대전 중구 뿌리공원로 79 · 전국시티투어 경유지 · 카카오 좌표,0,0,,대전광역시,NO_EXACT_MUNICIPALITY_TOWNSHIP_TOKENS,0,
ctt309,대전,한국지질자원연구원 지질박물관,대전 유성구 과학로 124 · 전국시티투어 경유지 · 카카오 좌표,0,0,,대전광역시,NO_EXACT_MUNICIPALITY_TOWNSHIP_TOKENS,0,
ctt310,대전,대전시민천문대,대전 유성구 과학로 213-48 · 전국시티투어 경유지 · 카카오 좌표,0,0,,대전광역시,NO_EXACT_MUNICIPALITY_TOWNSHIP_TOKENS,0,
ctt311,대전,대청호자연생태관,대전 동구 천개동로 41 · 전국시티투어 경유지 · 카카오 좌표,0,0,,대전광역시,NO_EXACT_MUNICIPALITY_TOWNSHIP_TOKENS,0,
ctt312,대전,구대전형무소망루,대전 중구 중촌동 16-11 · 전국시티투어 경유지 · 카카오 좌표,1,0,,대전광역시,MATCH_CANDIDATE,1,대전광역시 중구 중촌동
ctt313,대전,목동성당,대전 중구 동서대로1365번길 19 · 전국시티투어 경유지 · 카카오 좌표,0,0,,대전광역시,NO_EXACT_MUNICIPALITY_TOWNSHIP_TOKENS,0,
ctt314,대전,국립대전현충원 현충문,대전 유성구 현충원로 251 · 전국시티투어 경유지 · 카카오 좌표,0,0,,대전광역시,NO_EXACT_MUNICIPALITY_TOWNSHIP_TOKENS,0,
ctt315,아산,피나클랜드 수목원,충남 아산시 영인면 월선길 20-42 · 전국시티투어 경유지 · 카카오 좌표,1,0,,충청남도,MATCH_CANDIDATE,1,충청남도 아산시 영인면
ctt316,아산,영인산자연휴양림,충남 아산시 영인면 아산온천로 16-26 · 전국시티투어 경유지 · 카카오 좌표,1,0,,충청남도,MATCH_CANDIDATE,1,충청남도 아산시 영인면
ctt317,아산,신정호지방정원,충남 아산시 방축동 459 · 전국시티투어 경유지 · 카카오 좌표,0,0,,충청남도,NO_EXACT_MUNICIPALITY_TOWNSHIP_TOKENS,0,
ctt318,아산,아산맹씨행단,충남 아산시 배방읍 행단길 25 · 전국시티투어 경유지 · 카카오 좌표,1,0,,충청남도,MATCH_CANDIDATE,1,충청남도 아산시 배방읍
ctt319,아산,온양민속박물관,충남 아산시 충무로 123 · 전국시티투어 경유지 · 카카오 좌표,0,0,,충청남도,NO_EXACT_MUNICIPALITY_TOWNSHIP_TOKENS,0,
ctt320,대전,유성온천공원 족욕체험장,대전 유성구 봉명동 574-6 · 전국시티투어 경유지 · 카카오 좌표,0,0,,대전광역시,NO_EXACT_MUNICIPALITY_TOWNSHIP_TOKENS,0,
ctt321,대전,한밭교육박물관,대전 동구 우암로 96 · 전국시티투어 경유지 · 카카오 좌표,0,0,,대전광역시,NO_EXACT_MUNICIPALITY_TOWNSHIP_TOKENS,0,
ctt322,대전,대청호반길 3-2코스(청남대조망길),대전 동구 직동 · 전국시티투어 경유지 · 카카오 좌표,0,0,,대전광역시,NO_EXACT_MUNICIPALITY_TOWNSHIP_TOKENS,0,
ctt323,대전,테미오래,대전 중구 보문로205번길 13 · 전국시티투어 경유지 · 카카오 좌표,0,0,,대전광역시,NO_EXACT_MUNICIPALITY_TOWNSHIP_TOKENS,0,
ctt324,대전,대전아쿠아리움,대전 중구 보문산공원로 469 · 전국시티투어 경유지 · 카카오 좌표,0,0,,대전광역시,NO_EXACT_MUNICIPALITY_TOWNSHIP_TOKENS,0,
ctt325,대전,주교좌대흥동성당,대전 중구 대종로 471 · 전국시티투어 경유지 · 카카오 좌표,0,0,,대전광역시,NO_EXACT_MUNICIPALITY_TOWNSHIP_TOKENS,0,
ctt326,태안,태안해양치유센터,충남 태안군 남면 달산포로 85-59 · 전국시티투어 경유지 · 카카오 좌표,1,0,,충청남도,MATCH_CANDIDATE,1,충청남도 태안군 남면
ctt327,서천,이동백소리솔바람길,충남 서천군 종천면 지석리 산 40-1 · 전국시티투어 경유지 · 카카오 좌표,1,0,,충청남도,MATCH_CANDIDATE,1,충청남도 서천군 종천면
ctt328,서천,마량리동백나무숲,충남 서천군 서면 마량리 313-4 · 전국시티투어 경유지 · 카카오 좌표,1,0,,충청남도,MATCH_CANDIDATE,1,충청남도 서천군 서면
ctt329,서천,서천군문화예술창작공간,충남 서천군 장항읍 장산로 323 · 전국시티투어 경유지 · 카카오 좌표,1,0,,충청남도,MATCH_CANDIDATE,1,충청남도 서천군 장항읍
ctt330,홍천,척야산문화수목원,강원특별자치도 홍천군 내촌면 동창로 282 · 전국시티투어 경유지 · 카카오 좌표,1,0,,강원특별자치도,MATCH_CANDIDATE,1,강원특별자치도 홍천군 내촌면
ctt331,홍천,수타사농촌테마공원,강원특별자치도 홍천군 영귀미면 덕치리 614 · 전국시티투어 경유지 · 카카오 좌표,1,0,,강원특별자치도,MATCH_CANDIDATE,1,강원특별자치도 홍천군 영귀미면
ctt332,홍천,수타사,강원특별자치도 홍천군 영귀미면 수타사로 473 · 전국시티투어 경유지 · 카카오 좌표,1,0,,강원특별자치도,MATCH_CANDIDATE,1,강원특별자치도 홍천군 영귀미면
ctt333,화천,산천어커피박물관,강원특별자치도 화천군 화천읍 상승로2길 21 · 전국시티투어 경유지 · 카카오 좌표,1,0,,강원특별자치도,MATCH_CANDIDATE,1,강원특별자치도 화천군 화천읍
ctt334,화천,화천박물관,강원특별자치도 화천군 하남면 춘화로 3337 · 전국시티투어 경유지 · 카카오 좌표,1,0,,강원특별자치도,MATCH_CANDIDATE,1,강원특별자치도 화천군 하남면
ctt335,화천,K-water 평화의댐 물문화관,강원특별자치도 화천군 화천읍 동촌리 2922-2 · 전국시티투어 경유지 · 카카오 좌표,1,0,,강원특별자치도,MATCH_CANDIDATE,1,강원특별자치도 화천군 화천읍
ctt336,순천,상사호,전남광주통합특별시 순천시 상사면 용계리 620 · 전국시티투어 경유지 · 카카오 좌표,1,0,,전남광주통합특별시,MATCH_CANDIDATE,1,전남광주통합특별시 순천시 상사면
ctt337,순천,순천전통야생차체험관,전남광주통합특별시 순천시 승주읍 선암사길 450-1 · 전국시티투어 경유지 · 카카오 좌표,1,0,,전남광주통합특별시,MATCH_CANDIDATE,1,전남광주통합특별시 순천시 승주읍
ctt338,순천,순천왜성,전남광주통합특별시 순천시 해룡면 신성리 산 1 · 전국시티투어 경유지 · 카카오 좌표,1,0,,전남광주통합특별시,MATCH_CANDIDATE,1,전남광주통합특별시 순천시 해룡면
ctt339,순천,순천만국가정원 스페이스브릿지,전남광주통합특별시 순천시 풍덕동 610 · 전국시티투어 경유지 · 카카오 좌표,1,0,,전남광주통합특별시,MATCH_CANDIDATE,1,전남광주통합특별시 순천시 풍덕동
ctt340,나주,국립나주박물관,전남광주통합특별시 나주시 반남면 고분로 747 · 전국시티투어 경유지 · 카카오 좌표,1,0,,전남광주통합특별시,MATCH_CANDIDATE,1,전남광주통합특별시 나주시 반남면
ctt341,나주,전남광주통합특별시산림연구원 토피어리,전남광주통합특별시 나주시 산포면 다도로 7 · 전국시티투어 경유지 · 카카오 좌표,1,0,,전남광주통합특별시,MATCH_CANDIDATE,1,전남광주통합특별시 나주시 산포면
ctt342,아산,옹기발효음식 전시체험관,충남 아산시 도고면 도고산로 810 · 전국시티투어 경유지 · 카카오 좌표,1,0,,충청남도,MATCH_CANDIDATE,1,충청남도 아산시 도고면
ctt343,아산,도고아트홀,충남 아산시 도고면 아산만로 171 · 전국시티투어 경유지 · 카카오 좌표,1,0,,충청남도,MATCH_CANDIDATE,1,충청남도 아산시 도고면
ctt344,아산,세계꽃식물원,충남 아산시 도고면 아산만로 37-37 · 전국시티투어 경유지 · 카카오 좌표,1,0,,충청남도,MATCH_CANDIDATE,1,충청남도 아산시 도고면
ctt345,대전,유림공원,대전 유성구 어은로 27 · 전국시티투어 경유지 · 카카오 좌표,0,0,,대전광역시,NO_EXACT_MUNICIPALITY_TOWNSHIP_TOKENS,0,
ctt346,대전,진잠향교,대전 유성구 교촌로 67 · 전국시티투어 경유지 · 카카오 좌표,0,0,,대전광역시,NO_EXACT_MUNICIPALITY_TOWNSHIP_TOKENS,0,
ctt347,안성,안성맞춤박물관,경기 안성시 대덕면 서동대로 4726-15 · 전국시티투어 경유지 · 카카오 좌표,1,0,,경기도,MATCH_CANDIDATE,1,경기도 안성시 대덕면
ctt348,안성,농협안성팜랜드,경기 안성시 공도읍 대신두길 28 · 전국시티투어 경유지 · 카카오 좌표,1,0,,경기도,MATCH_CANDIDATE,1,경기도 안성시 공도읍
ctt349,안성,안성맞춤랜드,경기 안성시 보개면 남사당로 198 · 전국시티투어 경유지 · 카카오 좌표,1,0,,경기도,MATCH_CANDIDATE,1,경기도 안성시 보개면
ctt350,안성,청룡사,경기 안성시 서운면 청룡길 140 · 전국시티투어 경유지 · 카카오 좌표,1,0,,경기도,MATCH_CANDIDATE,1,경기도 안성시 서운면
ctt351,대전,식장산문화공원,대전 동구 세천동 산 43-3 · 전국시티투어 경유지 · 카카오 좌표,0,0,,대전광역시,NO_EXACT_MUNICIPALITY_TOWNSHIP_TOKENS,0,
ctt352,경산,임당동고분군,경북 경산시 임당동 676-1 · 전국시티투어 경유지 · 카카오 좌표,0,0,,경상북도,NO_EXACT_MUNICIPALITY_TOWNSHIP_TOKENS,0,
ctt353,경산,경산시립박물관,경북 경산시 박물관로 46 · 전국시티투어 경유지 · 카카오 좌표,0,0,,경상북도,NO_EXACT_MUNICIPALITY_TOWNSHIP_TOKENS,0,
ctt354,경산,삼성현역사문화공원,경북 경산시 남산면 삼성현공원로 59 · 전국시티투어 경유지 · 카카오 좌표,1,0,,경상북도,MATCH_CANDIDATE,1,경상북도 경산시 남산면
ctt355,경산,경산동의한방촌,경북 경산시 남산면 삼성현공원로 38 · 전국시티투어 경유지 · 카카오 좌표,1,0,,경상북도,MATCH_CANDIDATE,1,경상북도 경산시 남산면
ctt356,경산,반곡지,경북 경산시 남산면 반곡리 246 · 전국시티투어 경유지 · 카카오 좌표,1,0,,경상북도,MATCH_CANDIDATE,1,경상북도 경산시 남산면
ctt357,울산,장생포고래박물관,울산 남구 장생포고래로 244 · 전국시티투어 경유지 · 카카오 좌표,0,0,,울산광역시,NO_EXACT_MUNICIPALITY_TOWNSHIP_TOKENS,0,
ctt358,울산,태화강국가정원 태화강전망대,울산 남구 남산로 223 · 전국시티투어 경유지 · 카카오 좌표,0,0,,울산광역시,NO_EXACT_MUNICIPALITY_TOWNSHIP_TOKENS,0,
ctt359,울산,울산문화예술회관,울산 남구 번영로 200 · 전국시티투어 경유지 · 카카오 좌표,0,0,,울산광역시,NO_EXACT_MUNICIPALITY_TOWNSHIP_TOKENS,0,
ctt360,공주,계룡도예,충남 공주시 반포면 온천사기소길 27-1 · 전국시티투어 경유지 · 카카오 좌표,1,0,,충청남도,MATCH_CANDIDATE,1,충청남도 공주시 반포면
ctt361,공주,공주산림휴양마을 산림문화휴양관,충남 공주시 수원지공원길 222 · 전국시티투어 경유지 · 카카오 좌표,0,0,,충청남도,NO_EXACT_MUNICIPALITY_TOWNSHIP_TOKENS,0,
ctt362,공주,유구전통시장 광장,충남 공주시 유구읍 석남리 279-3 · 전국시티투어 경유지 · 카카오 좌표,1,0,,충청남도,MATCH_CANDIDATE,1,충청남도 공주시 유구읍
ctt363,공주,충청남도역사박물관,충남 공주시 국고개길 24 · 전국시티투어 경유지 · 카카오 좌표,0,0,,충청남도,NO_EXACT_MUNICIPALITY_TOWNSHIP_TOKENS,0,
ctt364,공주,공주 반죽동 당간지주,충남 공주시 반죽동 300-2 · 전국시티투어 경유지 · 카카오 좌표,0,0,,충청남도,NO_EXACT_MUNICIPALITY_TOWNSHIP_TOKENS,0,
ctt365,공주,백제오감체험관,충남 공주시 고마나루길 30 · 전국시티투어 경유지 · 카카오 좌표,0,0,,충청남도,NO_EXACT_MUNICIPALITY_TOWNSHIP_TOKENS,0,
ctt366,서울,익스트림스포츠디엠지,서울 종로구 종로35길 28 · 전국시티투어 경유지 · 카카오 좌표,0,0,,서울특별시,NO_EXACT_MUNICIPALITY_TOWNSHIP_TOKENS,0,
ctt367,서울,JSA어패럴,서울 양천구 남부순환로 316 · 전국시티투어 경유지 · 카카오 좌표,0,0,,서울특별시,NO_EXACT_MUNICIPALITY_TOWNSHIP_TOKENS,0,
ro116,양평,스타벅스 더양평DT점,경기 양평군 양평읍 양근로 76 · 한국관광공사 연관 관광지 · 카카오 좌표,1,0,,경기도,MATCH_CANDIDATE,1,경기도 양평군 양평읍
ro117,경주,분황사,경북 경주시 분황로 94-11 · 한국관광공사 연관 관광지 · 카카오 좌표,0,0,,경상북도,NO_EXACT_MUNICIPALITY_TOWNSHIP_TOKENS,0,
ro366,양평,사나사계곡,경기 양평군 옥천면 사나사길 329 · 한국관광공사 연관 관광지 · 카카오 좌표,1,0,,경기도,MATCH_CANDIDATE,1,경기도 양평군 옥천면
ro419,아산,궁평저수지 맨발황톳길,충남 아산시 송악면 궁평리 252 · 한국관광공사 연관 관광지 · 카카오 좌표,1,0,,충청남도,MATCH_CANDIDATE,1,충청남도 아산시 송악면
ro500,김해,장유사,경남 김해시 대청계곡길 170-563 · 한국관광공사 연관 관광지 · 카카오 좌표,0,0,,경상남도,NO_EXACT_MUNICIPALITY_TOWNSHIP_TOKENS,0,
ro570,창원,3.15해양누리공원,경남 창원시 마산합포구 월남동1가 47-4 · 한국관광공사 연관 관광지 · 카카오 좌표,0,0,,경상남도,NO_EXACT_MUNICIPALITY_TOWNSHIP_TOKENS,0,
ro813,천안,천안 성성호수공원,충남 천안시 서북구 성성2길 95 · 한국관광공사 연관 관광지 · 카카오 좌표,0,0,,충청남도,NO_EXACT_MUNICIPALITY_TOWNSHIP_TOKENS,0,
ro881,봉화,국립청옥산자연휴양림,경북 봉화군 석포면 청옥로 1552-163 · 한국관광공사 연관 관광지 · 카카오 좌표,1,0,,경상북도,MATCH_CANDIDATE,1,경상북도 봉화군 석포면
ro885,하동,하동 코리아짚와이어,경남 하동군 금남면 경충로 493-5 · 한국관광공사 연관 관광지 · 카카오 좌표,1,0,,경상남도,MATCH_CANDIDATE,1,경상남도 하동군 금남면
ro970,서울,유한양행 윌로우하우스,서울 동작구 노량진로 74 · 한국관광공사 연관 관광지 · 카카오 좌표,0,0,,서울특별시,NO_EXACT_MUNICIPALITY_TOWNSHIP_TOKENS,0,
rs383,서울,힐튼가든인 서울강남,서울 서초구 강남대로 253 · 한국관광공사 연관 관광지 · 카카오 좌표,0,0,,서울특별시,NO_EXACT_MUNICIPALITY_TOWNSHIP_TOKENS,0,
ro1,강릉,주문진수산시장,강원특별자치도 강릉시 주문진읍 시장길 38 · 한국관광공사 연관 관광지 · 카카오 좌표,1,0,,강원특별자치도,MATCH_CANDIDATE,1,강원특별자치도 강릉시 주문진읍
ro2,통영,통영중앙전통시장,경남 통영시 중앙동 38-5 · 한국관광공사 연관 관광지 · 카카오 좌표,1,0,,경상남도,MATCH_CANDIDATE,1,경상남도 통영시 중앙동
ro3,속초,청초수물회 속초본점,강원특별자치도 속초시 엑스포로 12-36 · 한국관광공사 연관 관광지 · 카카오 좌표,0,0,,강원특별자치도,NO_EXACT_MUNICIPALITY_TOWNSHIP_TOKENS,0,
ro4,부산,광안리해수욕장,부산 수영구 광안해변로 219 · 한국관광공사 연관 관광지 · 카카오 좌표,0,0,,부산광역시,NO_EXACT_MUNICIPALITY_TOWNSHIP_TOKENS,0,
ro5,강릉,안목해변,강원특별자치도 강릉시 창해로14번길 51-26 · 한국관광공사 연관 관광지 · 카카오 좌표,0,0,,강원특별자치도,NO_EXACT_MUNICIPALITY_TOWNSHIP_TOKENS,0,
ro6,고성(강원),송지호해수욕장,강원특별자치도 고성군 죽왕면 오호리 8 · 한국관광공사 연관 관광지 · 카카오 좌표,1,0,,강원특별자치도,MATCH_CANDIDATE,1,강원특별자치도 고성군 죽왕면
ro7,양양,낙산해수욕장,강원특별자치도 양양군 강현면 전진리 · 한국관광공사 연관 관광지 · 카카오 좌표,1,0,,강원특별자치도,MATCH_CANDIDATE,1,강원특별자치도 양양군 강현면
ro8,고성,바다정원펜션,경남 고성군 동해면 용정1길 451-28 · 한국관광공사 연관 관광지 · 카카오 좌표,1,0,,경상남도,MATCH_CANDIDATE,1,경상남도 고성군 동해면
ro9,속초,동명항,강원특별자치도 속초시 동명동 1-249 · 한국관광공사 연관 관광지 · 카카오 좌표,1,0,,강원특별자치도,MATCH_CANDIDATE,1,강원특별자치도 속초시 동명동
ro10,삼척,맹방해수욕장,강원특별자치도 삼척시 근덕면 하맹방리 12-1 · 한국관광공사 연관 관광지 · 카카오 좌표,1,0,,강원특별자치도,MATCH_CANDIDATE,1,강원특별자치도 삼척시 근덕면
ro11,삼척,삼척해변,강원특별자치도 삼척시 갈천동 14-22 · 한국관광공사 연관 관광지 · 카카오 좌표,0,0,,강원특별자치도,NO_EXACT_MUNICIPALITY_TOWNSHIP_TOKENS,0,
ro12,인천,강화풍물시장,인천 강화군 강화읍 중앙로 17-9 · 한국관광공사 연관 관광지 · 카카오 좌표,1,0,,인천광역시,MATCH_CANDIDATE,1,인천광역시 강화군 강화읍
ro13,인천,동막해변,인천 강화군 화도면 동막리 7-3 · 한국관광공사 연관 관광지 · 카카오 좌표,1,0,,인천광역시,MATCH_CANDIDATE,1,인천광역시 강화군 화도면
ro14,삼척,삼척중앙시장,강원특별자치도 삼척시 진주로 12-21 · 한국관광공사 연관 관광지 · 카카오 좌표,0,0,,강원특별자치도,NO_EXACT_MUNICIPALITY_TOWNSHIP_TOKENS,0,
ro15,제주,서귀포매일올레시장,제주특별자치도 서귀포시 중앙로62번길 18 · 한국관광공사 연관 관광지 · 카카오 좌표,0,0,,제주특별자치도,NO_EXACT_MUNICIPALITY_TOWNSHIP_TOKENS,0,
ro16,인천,조양방직,인천 강화군 강화읍 향나무길5번길 12 · 한국관광공사 연관 관광지 · 카카오 좌표,1,0,,인천광역시,MATCH_CANDIDATE,1,인천광역시 강화군 강화읍
ro17,서울,코엑스,서울 강남구 영동대로 513 · 한국관광공사 연관 관광지 · 카카오 좌표,0,0,,서울특별시,NO_EXACT_MUNICIPALITY_TOWNSHIP_TOKENS,0,
ro18,태안,안면도수산시장,충남 태안군 안면읍 장터로 104 · 한국관광공사 연관 관광지 · 카카오 좌표,1,0,,충청남도,MATCH_CANDIDATE,1,충청남도 태안군 안면읍
ro19,서울,반포한강공원,서울 서초구 반포동 115-5 · 한국관광공사 연관 관광지 · 카카오 좌표,0,0,,서울특별시,NO_EXACT_MUNICIPALITY_TOWNSHIP_TOKENS,0,
ro20,서울,북악스카이웨이,서울 종로구 평창동 산 6-94 · 한국관광공사 연관 관광지 · 카카오 좌표,1,0,,서울특별시,MATCH_CANDIDATE,1,서울특별시 종로구 평창동
ro21,속초,만석닭강정 시장1호점,강원특별자치도 속초시 중앙로147번길 16 · 한국관광공사 연관 관광지 · 카카오 좌표,0,0,,강원특별자치도,NO_EXACT_MUNICIPALITY_TOWNSHIP_TOKENS,0,
ro22,인천,교동대룡시장,인천 강화군 교동면 대룡리 460-2 · 한국관광공사 연관 관광지 · 카카오 좌표,1,0,,인천광역시,MATCH_CANDIDATE,1,인천광역시 강화군 교동면
ro23,태안,백사장항,충남 태안군 안면읍 창기리 2200 · 한국관광공사 연관 관광지 · 카카오 좌표,1,0,,충청남도,MATCH_CANDIDATE,1,충청남도 태안군 안면읍
ro24,강릉,강릉카페거리,강원특별자치도 강릉시 창해로14번길 20 · 한국관광공사 연관 관광지 · 카카오 좌표,0,0,,강원특별자치도,NO_EXACT_MUNICIPALITY_TOWNSHIP_TOKENS,0,
ro25,영덕,고래불해수욕장,경북 영덕군 병곡면 병곡리 58-26 · 한국관광공사 연관 관광지 · 카카오 좌표,1,0,,경상북도,MATCH_CANDIDATE,1,경상북도 영덕군 병곡면
ro26,태안,몽산포해수욕장,충남 태안군 남면 신장리 353-59 · 한국관광공사 연관 관광지 · 카카오 좌표,1,0,,충청남도,MATCH_CANDIDATE,1,충청남도 태안군 남면
ro27,태안,안면암,충남 태안군 안면읍 여수해길 198-160 · 한국관광공사 연관 관광지 · 카카오 좌표,1,0,,충청남도,MATCH_CANDIDATE,1,충청남도 태안군 안면읍
ro28,서울,가락동 농수산물도매시장,서울 송파구 양재대로 932 · 한국관광공사 연관 관광지 · 카카오 좌표,0,0,,서울특별시,NO_EXACT_MUNICIPALITY_TOWNSHIP_TOKENS,0,
ro29,양양,하조대해수욕장,강원특별자치도 양양군 현북면 하광정리 80-2 · 한국관광공사 연관 관광지 · 카카오 좌표,1,0,,강원특별자치도,MATCH_CANDIDATE,1,강원특별자치도 양양군 현북면
ro30,울진,후포항,경북 울진군 후포면 울진대게로 236-14 · 한국관광공사 연관 관광지 · 카카오 좌표,1,0,,경상북도,MATCH_CANDIDATE,1,경상북도 울진군 후포면
ro31,평창,월정사,강원특별자치도 평창군 진부면 오대산로 374-8 · 한국관광공사 연관 관광지 · 카카오 좌표,1,0,,강원특별자치도,MATCH_CANDIDATE,1,강원특별자치도 평창군 진부면
ro32,강릉,정동진 해변,강원특별자치도 강릉시 강동면 정동진리 64-3 · 한국관광공사 연관 관광지 · 카카오 좌표,1,0,,강원특별자치도,MATCH_CANDIDATE,1,강원특별자치도 강릉시 강동면
ro33,강릉,주문진해변,강원특별자치도 강릉시 주문진읍 향호리 8-35 · 한국관광공사 연관 관광지 · 카카오 좌표,1,0,,강원특별자치도,MATCH_CANDIDATE,1,강원특별자치도 강릉시 주문진읍
ro34,고성(강원),화진포해변,강원특별자치도 고성군 현내면 초도리 · 한국관광공사 연관 관광지 · 카카오 좌표,1,0,,강원특별자치도,MATCH_CANDIDATE,1,강원특별자치도 고성군 현내면
ro35,인천,전등사,인천 강화군 길상면 전등사로 37-41 · 한국관광공사 연관 관광지 · 카카오 좌표,1,0,,인천광역시,MATCH_CANDIDATE,1,인천광역시 강화군 길상면
ro36,춘천,통나무집닭갈비 본점,강원특별자치도 춘천시 신북읍 신샘밭로 763 · 한국관광공사 연관 관광지 · 카카오 좌표,1,0,,강원특별자치도,MATCH_CANDIDATE,1,강원특별자치도 춘천시 신북읍
ro37,천안,뚜쥬루 빵돌가마점,충남 천안시 동남구 풍세로 706 · 한국관광공사 연관 관광지 · 카카오 좌표,0,0,,충청남도,NO_EXACT_MUNICIPALITY_TOWNSHIP_TOKENS,0,
ro38,서울,보문사,서울 성북구 보문사길 20 · 한국관광공사 연관 관광지 · 카카오 좌표,0,0,,서울특별시,NO_EXACT_MUNICIPALITY_TOWNSHIP_TOKENS,0,
ro39,보령,원산도해수욕장,충남 보령시 오천면 원산도리 1860-6 · 한국관광공사 연관 관광지 · 카카오 좌표,1,0,,충청남도,MATCH_CANDIDATE,1,충청남도 보령시 오천면
ro40,삼척,용화해변,강원특별자치도 삼척시 근덕면 용화리 14-5 · 한국관광공사 연관 관광지 · 카카오 좌표,1,0,,강원특별자치도,MATCH_CANDIDATE,1,강원특별자치도 삼척시 근덕면
ro41,삼척,삼척항,강원특별자치도 삼척시 정상동 · 한국관광공사 연관 관광지 · 카카오 좌표,0,0,,강원특별자치도,NO_EXACT_MUNICIPALITY_TOWNSHIP_TOKENS,0,
ro42,인천,강화제적봉 평화전망대,인천 강화군 양사면 전망대로 797 · 한국관광공사 연관 관광지 · 카카오 좌표,1,0,,인천광역시,MATCH_CANDIDATE,1,인천광역시 강화군 양사면
ro43,태안,삼봉해수욕장캠핑장,충남 태안군 안면읍 창기리 · 한국관광공사 연관 관광지 · 카카오 좌표,1,0,,충청남도,MATCH_CANDIDATE,1,충청남도 태안군 안면읍
ro44,영덕,영덕해맞이공원,경북 영덕군 영덕읍 창포리 3 · 한국관광공사 연관 관광지 · 카카오 좌표,1,0,,경상북도,MATCH_CANDIDATE,1,경상북도 영덕군 영덕읍
ro45,당진,한진포구,충남 당진시 송악읍 한진포구길 49 · 한국관광공사 연관 관광지 · 카카오 좌표,1,0,,충청남도,MATCH_CANDIDATE,1,충청남도 당진시 송악읍
ro46,강릉,사근진해변,강원특별자치도 강릉시 해안로604번길 14 · 한국관광공사 연관 관광지 · 카카오 좌표,0,0,,강원특별자치도,NO_EXACT_MUNICIPALITY_TOWNSHIP_TOKENS,0,
ro47,강릉,강문해변,강원특별자치도 강릉시 강문동 182-1 · 한국관광공사 연관 관광지 · 카카오 좌표,0,0,,강원특별자치도,NO_EXACT_MUNICIPALITY_TOWNSHIP_TOKENS,0,
ro48,영덕,대진해수욕장,경북 영덕군 영해면 영덕대게로 2840 · 한국관광공사 연관 관광지 · 카카오 좌표,1,0,,경상북도,MATCH_CANDIDATE,1,경상북도 영덕군 영해면
ro49,서울,YTN서울타워,서울 용산구 용산동2가 산 1-3 · 한국관광공사 연관 관광지 · 카카오 좌표,0,0,,서울특별시,NO_EXACT_MUNICIPALITY_TOWNSHIP_TOKENS,0,
ro50,서울,동대문종합시장,서울 종로구 종로 266 · 한국관광공사 연관 관광지 · 카카오 좌표,0,0,,서울특별시,NO_EXACT_MUNICIPALITY_TOWNSHIP_TOKENS,0,
ro51,여수,여수예술랜드,전남광주통합특별시 여수시 돌산읍 무술목길 142-1 · 한국관광공사 연관 관광지 · 카카오 좌표,1,0,,전남광주통합특별시,MATCH_CANDIDATE,1,전남광주통합특별시 여수시 돌산읍
ro52,태안,안면도영목항전망대,충남 태안군 고남면 안면대로 4506 · 한국관광공사 연관 관광지 · 카카오 좌표,1,0,,충청남도,MATCH_CANDIDATE,1,충청남도 태안군 고남면
ro53,서천,홍원항,충남 서천군 서면 도둔리 · 한국관광공사 연관 관광지 · 카카오 좌표,1,0,,충청남도,MATCH_CANDIDATE,1,충청남도 서천군 서면
ro54,인천,금문도,인천 강화군 길상면 강화동로 187 · 한국관광공사 연관 관광지 · 카카오 좌표,1,0,,인천광역시,MATCH_CANDIDATE,1,인천광역시 강화군 길상면
ro55,통영,서호시장,경남 통영시 새터길 42-7 · 한국관광공사 연관 관광지 · 카카오 좌표,0,0,,경상남도,NO_EXACT_MUNICIPALITY_TOWNSHIP_TOKENS,0,
ro56,거제,저구항,경남 거제시 남부면 저구리 216-6 · 한국관광공사 연관 관광지 · 카카오 좌표,1,0,,경상남도,MATCH_CANDIDATE,1,경상남도 거제시 남부면
ro57,정선,강원랜드카지노리조트복지관,강원특별자치도 정선군 고한읍 고한3길 6-9 · 한국관광공사 연관 관광지 · 카카오 좌표,1,0,,강원특별자치도,MATCH_CANDIDATE,1,강원특별자치도 정선군 고한읍
ro58,고성(강원),거진항,강원특별자치도 고성군 거진읍 거진항1길 62-3 · 한국관광공사 연관 관광지 · 카카오 좌표,1,0,,강원특별자치도,MATCH_CANDIDATE,1,강원특별자치도 고성군 거진읍
ro59,제주,판포포구,제주특별자치도 제주시 한경면 판포리 · 한국관광공사 연관 관광지 · 카카오 좌표,1,0,,제주특별자치도,MATCH_CANDIDATE,1,제주특별자치도 제주시 한경면
ro60,강릉,동화가든,강원특별자치도 강릉시 초당순두부길77번길 15 · 한국관광공사 연관 관광지 · 카카오 좌표,0,0,,강원특별자치도,NO_EXACT_MUNICIPALITY_TOWNSHIP_TOKENS,0,
ro61,속초,외옹치해수욕장,강원특별자치도 속초시 해오름로 83 · 한국관광공사 연관 관광지 · 카카오 좌표,0,0,,강원특별자치도,NO_EXACT_MUNICIPALITY_TOWNSHIP_TOKENS,0,
ro62,속초,장사항,강원특별자치도 속초시 장사항해안길 58 · 한국관광공사 연관 관광지 · 카카오 좌표,0,0,,강원특별자치도,NO_EXACT_MUNICIPALITY_TOWNSHIP_TOKENS,0,
ro63,해남,땅끝전망대,전남광주통합특별시 해남군 송지면 땅끝마을길 100 · 한국관광공사 연관 관광지 · 카카오 좌표,1,0,,전남광주통합특별시,MATCH_CANDIDATE,1,전남광주통합특별시 해남군 송지면
ro64,완도,신지명사십리해수욕장,전남광주통합특별시 완도군 신지면 명사십리길 85-105 · 한국관광공사 연관 관광지 · 카카오 좌표,1,0,,전남광주통합특별시,MATCH_CANDIDATE,1,전남광주통합특별시 완도군 신지면
ro65,영덕,축산항,경북 영덕군 축산면 · 한국관광공사 연관 관광지 · 카카오 좌표,1,0,,경상북도,MATCH_CANDIDATE,1,경상북도 영덕군 축산면
ro66,제주,제주동화마을,제주특별자치도 제주시 구좌읍 비자림로 1191 · 한국관광공사 연관 관광지 · 카카오 좌표,1,0,,제주특별자치도,MATCH_CANDIDATE,1,제주특별자치도 제주시 구좌읍
ro67,서천,춘장대해수욕장,충남 서천군 서면 도둔리 산 46-1 · 한국관광공사 연관 관광지 · 카카오 좌표,1,0,,충청남도,MATCH_CANDIDATE,1,충청남도 서천군 서면
ro68,여수,여수낭만포차거리,전남광주통합특별시 여수시 하멜로 102 · 한국관광공사 연관 관광지 · 카카오 좌표,0,0,,전남광주통합특별시,NO_EXACT_MUNICIPALITY_TOWNSHIP_TOKENS,0,
ro69,목포,목포동부시장,전남광주통합특별시 목포시 영산로257번길 15 · 한국관광공사 연관 관광지 · 카카오 좌표,0,0,,전남광주통합특별시,NO_EXACT_MUNICIPALITY_TOWNSHIP_TOKENS,0,
ro70,양양,하조대전망대,강원특별자치도 양양군 현북면 하광정리 58-1 · 한국관광공사 연관 관광지 · 카카오 좌표,1,0,,강원특별자치도,MATCH_CANDIDATE,1,강원특별자치도 양양군 현북면
ro71,목포,목포북항,전남광주통합특별시 목포시 죽교동 620-320 · 한국관광공사 연관 관광지 · 카카오 좌표,1,0,,전남광주통합특별시,MATCH_CANDIDATE,1,전남광주통합특별시 목포시 죽교동
ro72,부산,기장시장,부산 기장군 기장읍 읍내로104번길 16 · 한국관광공사 연관 관광지 · 카카오 좌표,1,0,,부산광역시,MATCH_CANDIDATE,1,부산광역시 기장군 기장읍
ro73,삼척,부일막국수,강원특별자치도 삼척시 새천년도로 596 · 한국관광공사 연관 관광지 · 카카오 좌표,0,0,,강원특별자치도,NO_EXACT_MUNICIPALITY_TOWNSHIP_TOKENS,0,
ro74,목포,커피창고로,전남광주통합특별시 목포시 평화로 51 · 한국관광공사 연관 관광지 · 카카오 좌표,0,0,,전남광주통합특별시,NO_EXACT_MUNICIPALITY_TOWNSHIP_TOKENS,0,
ro75,태안,딴뚝통나무집식당,충남 태안군 안면읍 조운막터길 23-22 · 한국관광공사 연관 관광지 · 카카오 좌표,1,0,,충청남도,MATCH_CANDIDATE,1,충청남도 태안군 안면읍
ro76,태안,덕수식당,충남 태안군 태안읍 중앙로 133-8 · 한국관광공사 연관 관광지 · 카카오 좌표,1,0,,충청남도,MATCH_CANDIDATE,1,충청남도 태안군 태안읍
ro77,서울,토속촌삼계탕,서울 종로구 자하문로5길 5 · 한국관광공사 연관 관광지 · 카카오 좌표,0,0,,서울특별시,NO_EXACT_MUNICIPALITY_TOWNSHIP_TOKENS,0,
ro78,통영,수륙해수욕장,경남 통영시 산양읍 영운리 · 한국관광공사 연관 관광지 · 카카오 좌표,1,0,,경상남도,MATCH_CANDIDATE,1,경상남도 통영시 산양읍
ro79,사천,삼천포항,경남 사천시 어시장길 34-10 · 한국관광공사 연관 관광지 · 카카오 좌표,0,0,,경상남도,NO_EXACT_MUNICIPALITY_TOWNSHIP_TOKENS,0,
ro80,울진,덕구온천스파월드,경북 울진군 북면 덕구온천로 924 · 한국관광공사 연관 관광지 · 카카오 좌표,1,0,,경상북도,MATCH_CANDIDATE,1,경상북도 울진군 북면
ro81,여수,여수수산시장,전남광주통합특별시 여수시 여객선터미널길 24 · 한국관광공사 연관 관광지 · 카카오 좌표,0,0,,전남광주통합특별시,NO_EXACT_MUNICIPALITY_TOWNSHIP_TOKENS,0,
ro82,사천,남일대해수욕장,경남 사천시 모례2길 11-19 · 한국관광공사 연관 관광지 · 카카오 좌표,0,0,,경상남도,NO_EXACT_MUNICIPALITY_TOWNSHIP_TOKENS,0,
ro83,삼척,삼고정문,강원특별자치도 삼척시 새천년도로 673-1 · 한국관광공사 연관 관광지 · 카카오 좌표,0,0,,강원특별자치도,NO_EXACT_MUNICIPALITY_TOWNSHIP_TOKENS,0,
ro84,영월,영월소금빵,강원특별자치도 영월군 영월읍 영월로 2097-2 · 한국관광공사 연관 관광지 · 카카오 좌표,1,0,,강원특별자치도,MATCH_CANDIDATE,1,강원특별자치도 영월군 영월읍
ro85,여수,꽃돌게장1번가,전남광주통합특별시 여수시 봉산2로 36 · 한국관광공사 연관 관광지 · 카카오 좌표,0,0,,전남광주통합특별시,NO_EXACT_MUNICIPALITY_TOWNSHIP_TOKENS,0,
ro86,당진,로드1950카페,충남 당진시 신평면 매산로 170 · 한국관광공사 연관 관광지 · 카카오 좌표,1,0,,충청남도,MATCH_CANDIDATE,1,충청남도 당진시 신평면
ro87,제주,스타벅스 더제주송당파크R점,제주특별자치도 제주시 구좌읍 비자림로 1189 · 한국관광공사 연관 관광지 · 카카오 좌표,1,0,,제주특별자치도,MATCH_CANDIDATE,1,제주특별자치도 제주시 구좌읍
ro88,거제,정글돔풀빌라앤글램핑,경남 거제시 거제면 외간1길 1-56 · 한국관광공사 연관 관광지 · 카카오 좌표,1,0,,경상남도,MATCH_CANDIDATE,1,경상남도 거제시 거제면
ro89,동해,어달해변,강원특별자치도 동해시 어달동 52-4 · 한국관광공사 연관 관광지 · 카카오 좌표,0,0,,강원특별자치도,NO_EXACT_MUNICIPALITY_TOWNSHIP_TOKENS,0,
ro90,목포,유달산조각공원,전남광주통합특별시 목포시 유달로 221 · 한국관광공사 연관 관광지 · 카카오 좌표,0,0,,전남광주통합특별시,NO_EXACT_MUNICIPALITY_TOWNSHIP_TOKENS,0,
ro91,춘천,춘천교육대학교 행정본관,강원특별자치도 춘천시 공지로 126 · 한국관광공사 연관 관광지 · 카카오 좌표,0,0,,강원특별자치도,NO_EXACT_MUNICIPALITY_TOWNSHIP_TOKENS,0,
ro92,논산,반야사,충남 논산시 가야곡면 삼전길 104 · 한국관광공사 연관 관광지 · 카카오 좌표,1,0,,충청남도,MATCH_CANDIDATE,1,충청남도 논산시 가야곡면
ro93,보령,상화원,충남 보령시 남포면 남포방조제로 408-52 · 한국관광공사 연관 관광지 · 카카오 좌표,1,0,,충청남도,MATCH_CANDIDATE,1,충청남도 보령시 남포면
ro94,부안,곰소항,전북특별자치도 부안군 진서면 진서리 · 한국관광공사 연관 관광지 · 카카오 좌표,1,0,,전북특별자치도,MATCH_CANDIDATE,1,전북특별자치도 부안군 진서면
ro95,통영,동피랑전복마을,경남 통영시 해송정2길 29 · 한국관광공사 연관 관광지 · 카카오 좌표,0,0,,경상남도,NO_EXACT_MUNICIPALITY_TOWNSHIP_TOKENS,0,
ro96,함안,함안연꽃테마파크,경남 함안군 가야읍 왕궁1길 38-20 · 한국관광공사 연관 관광지 · 카카오 좌표,1,0,,경상남도,MATCH_CANDIDATE,1,경상남도 함안군 가야읍
ro97,속초,등대해수욕장,강원특별자치도 속초시 영랑동 1-9 · 한국관광공사 연관 관광지 · 카카오 좌표,1,0,,강원특별자치도,MATCH_CANDIDATE,1,강원특별자치도 속초시 영랑동
ro98,고성(강원),건봉사,강원특별자치도 고성군 거진읍 건봉사로 723 · 한국관광공사 연관 관광지 · 카카오 좌표,1,0,,강원특별자치도,MATCH_CANDIDATE,1,강원특별자치도 고성군 거진읍
ro99,양양,양양전통시장,강원특별자치도 양양군 양양읍 남문5길 9 · 한국관광공사 연관 관광지 · 카카오 좌표,1,0,,강원특별자치도,MATCH_CANDIDATE,1,강원특별자치도 양양군 양양읍
ro100,서천,서천특화시장임시상설시장,충남 서천군 서천읍 남산로 316 · 한국관광공사 연관 관광지 · 카카오 좌표,1,0,,충청남도,MATCH_CANDIDATE,1,충청남도 서천군 서천읍
ro101,춘천,산토리니,강원특별자치도 춘천시 동면 순환대로 1154-97 · 한국관광공사 연관 관광지 · 카카오 좌표,1,0,,강원특별자치도,MATCH_CANDIDATE,1,강원특별자치도 춘천시 동면
ro102,부산,모모스 영도 로스터리&커피바,부산 영도구 봉래나루로 160 · 한국관광공사 연관 관광지 · 카카오 좌표,0,0,,부산광역시,NO_EXACT_MUNICIPALITY_TOWNSHIP_TOKENS,0,
ro103,거제,거제씨월드,경남 거제시 일운면 지세포해안로 15 · 한국관광공사 연관 관광지 · 카카오 좌표,1,0,,경상남도,MATCH_CANDIDATE,1,경상남도 거제시 일운면
ro104,거제,조선해양문화관,경남 거제시 일운면 지세포해안로 25 · 한국관광공사 연관 관광지 · 카카오 좌표,1,0,,경상남도,MATCH_CANDIDATE,1,경상남도 거제시 일운면
ro105,거제,지세포항,경남 거제시 일운면 지세포해안로 43 · 한국관광공사 연관 관광지 · 카카오 좌표,1,0,,경상남도,MATCH_CANDIDATE,1,경상남도 거제시 일운면
ro106,영월,영월 고씨굴,강원특별자치도 영월군 김삿갓면 진별리 산 262-1 · 한국관광공사 연관 관광지 · 카카오 좌표,1,0,,강원특별자치도,MATCH_CANDIDATE,1,강원특별자치도 영월군 김삿갓면
ro107,군산,군산수산물종합센터,전북특별자치도 군산시 내항2길 216 · 한국관광공사 연관 관광지 · 카카오 좌표,0,0,,전북특별자치도,NO_EXACT_MUNICIPALITY_TOWNSHIP_TOKENS,0,
ro108,영덕,옥계계곡,경북 영덕군 달산면 옥계리 · 한국관광공사 연관 관광지 · 카카오 좌표,1,0,,경상북도,MATCH_CANDIDATE,1,경상북도 영덕군 달산면
ro109,영덕,동광어시장,경북 영덕군 강구면 영덕대게로 108-1 · 한국관광공사 연관 관광지 · 카카오 좌표,1,0,,경상북도,MATCH_CANDIDATE,1,경상북도 영덕군 강구면
ro110,공주,대한불교조계종 동학사,충남 공주시 반포면 동학사1로 462 · 한국관광공사 연관 관광지 · 카카오 좌표,1,0,,충청남도,MATCH_CANDIDATE,1,충청남도 공주시 반포면
ro111,제주,성이시돌목장,제주특별자치도 제주시 한림읍 금악동길 35 · 한국관광공사 연관 관광지 · 카카오 좌표,1,0,,제주특별자치도,MATCH_CANDIDATE,1,제주특별자치도 제주시 한림읍
ro112,제주,금능해수욕장,제주특별자치도 제주시 한림읍 금능길 119-10 · 한국관광공사 연관 관광지 · 카카오 좌표,1,0,,제주특별자치도,MATCH_CANDIDATE,1,제주특별자치도 제주시 한림읍
ro113,사천,하주옥 진주냉면,경남 사천시 사남면 하동길 8-11 · 한국관광공사 연관 관광지 · 카카오 좌표,1,0,,경상남도,MATCH_CANDIDATE,1,경상남도 사천시 사남면
ro114,보령,바이더오,충남 보령시 오천면 원산도5길 89-23 · 한국관광공사 연관 관광지 · 카카오 좌표,1,0,,충청남도,MATCH_CANDIDATE,1,충청남도 보령시 오천면
ro115,양평,옥천냉면황해식당 본점,경기 양평군 옥천면 고읍로 140 · 한국관광공사 연관 관광지 · 카카오 좌표,1,0,,경기도,MATCH_CANDIDATE,1,경기도 양평군 옥천면
ro118,경주,경주중앙시장,경북 경주시 금성로 295 · 한국관광공사 연관 관광지 · 카카오 좌표,0,0,,경상북도,NO_EXACT_MUNICIPALITY_TOWNSHIP_TOKENS,0,
ro119,양양,물치항,강원특별자치도 양양군 강현면 동해대로 3580 · 한국관광공사 연관 관광지 · 카카오 좌표,1,0,,강원특별자치도,MATCH_CANDIDATE,1,강원특별자치도 양양군 강현면
ro120,동해,묵호등대전망대,강원특별자치도 동해시 해맞이길 289 · 한국관광공사 연관 관광지 · 카카오 좌표,0,0,,강원특별자치도,NO_EXACT_MUNICIPALITY_TOWNSHIP_TOKENS,0,
ro121,인천,하나개해수욕장,인천 영종구 무의동 산 189 · 한국관광공사 연관 관광지 · 카카오 좌표,0,0,,인천광역시,NO_EXACT_MUNICIPALITY_TOWNSHIP_TOKENS,0,
ro122,공주,유구색동수국정원,충남 공주시 유구읍 유구리 648-17 · 한국관광공사 연관 관광지 · 카카오 좌표,1,0,,충청남도,MATCH_CANDIDATE,1,충청남도 공주시 유구읍
ro123,보령,보령석탄박물관,충남 보령시 성주면 성주산로 508 · 한국관광공사 연관 관광지 · 카카오 좌표,1,0,,충청남도,MATCH_CANDIDATE,1,충청남도 보령시 성주면
ro124,부안,격포해수욕장,전북특별자치도 부안군 변산면 격포리 산 47-1 · 한국관광공사 연관 관광지 · 카카오 좌표,1,0,,전북특별자치도,MATCH_CANDIDATE,1,전북특별자치도 부안군 변산면
ro125,울진,국립해양과학관,경북 울진군 죽변면 해양과학길 8 · 한국관광공사 연관 관광지 · 카카오 좌표,1,0,,경상북도,MATCH_CANDIDATE,1,경상북도 울진군 죽변면
ro126,부산,청사포방파제,부산 해운대구 중동 · 한국관광공사 연관 관광지 · 카카오 좌표,0,0,,부산광역시,NO_EXACT_MUNICIPALITY_TOWNSHIP_TOKENS,0,
ro127,부산,황령산전망쉼터,부산 남구 황령산로 391-39 · 한국관광공사 연관 관광지 · 카카오 좌표,0,0,,부산광역시,NO_EXACT_MUNICIPALITY_TOWNSHIP_TOKENS,0,
ro128,부산,반여농산물도매시장,부산 해운대구 수영강변대로 626 · 한국관광공사 연관 관광지 · 카카오 좌표,0,0,,부산광역시,NO_EXACT_MUNICIPALITY_TOWNSHIP_TOKENS,0,
ro129,경주,황남빵,경북 경주시 태종로 783 · 한국관광공사 연관 관광지 · 카카오 좌표,0,0,,경상북도,NO_EXACT_MUNICIPALITY_TOWNSHIP_TOKENS,0,
ro130,거제,하면옥 본점,경남 거제시 연초면 연하해안로 320 · 한국관광공사 연관 관광지 · 카카오 좌표,1,0,,경상남도,MATCH_CANDIDATE,1,경상남도 거제시 연초면
ro131,창원,동부회센타,경남 창원시 진해구 천자로 5 · 한국관광공사 연관 관광지 · 카카오 좌표,0,0,,경상남도,NO_EXACT_MUNICIPALITY_TOWNSHIP_TOKENS,0,
ro132,당진,우렁이박사,충남 당진시 신평면 샛터로 7-1 · 한국관광공사 연관 관광지 · 카카오 좌표,1,0,,충청남도,MATCH_CANDIDATE,1,충청남도 당진시 신평면
ro133,태백,몽토랑,강원특별자치도 태백시 효자1길 27-2 · 한국관광공사 연관 관광지 · 카카오 좌표,0,0,,강원특별자치도,NO_EXACT_MUNICIPALITY_TOWNSHIP_TOKENS,0,
ro134,제주,숙성도 중문점,제주특별자치도 서귀포시 일주서로 1101 · 한국관광공사 연관 관광지 · 카카오 좌표,0,0,,제주특별자치도,NO_EXACT_MUNICIPALITY_TOWNSHIP_TOKENS,0,
ro135,거제,흥남해수욕장,경남 거제시 장목면 흥남길 46 · 한국관광공사 연관 관광지 · 카카오 좌표,1,0,,경상남도,MATCH_CANDIDATE,1,경상남도 거제시 장목면
ro136,양양,수산항,강원특별자치도 양양군 손양면 · 한국관광공사 연관 관광지 · 카카오 좌표,1,0,,강원특별자치도,MATCH_CANDIDATE,1,강원특별자치도 양양군 손양면
ro137,통영,스카이라인 루지 통영,경남 통영시 발개로 178 · 한국관광공사 연관 관광지 · 카카오 좌표,0,0,,경상남도,NO_EXACT_MUNICIPALITY_TOWNSHIP_TOKENS,0,
ro138,여수,무슬목해수욕장,전남광주통합특별시 여수시 돌산읍 돌산로 2876 · 한국관광공사 연관 관광지 · 카카오 좌표,1,0,,전남광주통합특별시,MATCH_CANDIDATE,1,전남광주통합특별시 여수시 돌산읍
ro139,보성,율포해수욕장,전남광주통합특별시 보성군 회천면 우암길 24 · 한국관광공사 연관 관광지 · 카카오 좌표,1,0,,전남광주통합특별시,MATCH_CANDIDATE,1,전남광주통합특별시 보성군 회천면
ro140,고성(강원),송지호관망타워,강원특별자치도 고성군 죽왕면 동해대로 6021 · 한국관광공사 연관 관광지 · 카카오 좌표,1,0,,강원특별자치도,MATCH_CANDIDATE,1,강원특별자치도 고성군 죽왕면
ro141,당진,합덕제 수변공원,충남 당진시 합덕읍 성동리 1-45 · 한국관광공사 연관 관광지 · 카카오 좌표,1,0,,충청남도,MATCH_CANDIDATE,1,충청남도 당진시 합덕읍
ro142,울진,망양정해수욕장,경북 울진군 근남면 산포리 · 한국관광공사 연관 관광지 · 카카오 좌표,1,0,,경상북도,MATCH_CANDIDATE,1,경상북도 울진군 근남면
ro143,보령,성주산자연휴양림,충남 보령시 성주면 화장골길 57-228 · 한국관광공사 연관 관광지 · 카카오 좌표,1,0,,충청남도,MATCH_CANDIDATE,1,충청남도 보령시 성주면
ro144,보령,대천해수욕장 스카이바이크,충남 보령시 해수욕장10길 75 · 한국관광공사 연관 관광지 · 카카오 좌표,0,0,,충청남도,NO_EXACT_MUNICIPALITY_TOWNSHIP_TOKENS,0,
ro145,울진,울진항,경북 울진군 울진읍 연지리 80-10 · 한국관광공사 연관 관광지 · 카카오 좌표,1,0,,경상북도,MATCH_CANDIDATE,1,경상북도 울진군 울진읍
ro146,파주,임진각 평화누리공원,경기 파주시 문산읍 임진각로 148-40 · 한국관광공사 연관 관광지 · 카카오 좌표,1,0,,경기도,MATCH_CANDIDATE,1,경기도 파주시 문산읍
ro147,울진,구산해수욕장,경북 울진군 기성면 구산리 · 한국관광공사 연관 관광지 · 카카오 좌표,1,0,,경상북도,MATCH_CANDIDATE,1,경상북도 울진군 기성면
ro148,서울,잠원한강공원,서울 강남구 압구정동 386 · 한국관광공사 연관 관광지 · 카카오 좌표,1,0,,서울특별시,MATCH_CANDIDATE,1,서울특별시 강남구 압구정동
ro149,제주,아르떼뮤지엄 제주,제주특별자치도 제주시 애월읍 어림비로 478 · 한국관광공사 연관 관광지 · 카카오 좌표,1,0,,제주특별자치도,MATCH_CANDIDATE,1,제주특별자치도 제주시 애월읍
ro150,거제,온더선셋,경남 거제시 사등면 성포로 65 · 한국관광공사 연관 관광지 · 카카오 좌표,1,0,,경상남도,MATCH_CANDIDATE,1,경상남도 거제시 사등면
ro151,영월,박가네,강원특별자치도 영월군 영월읍 중앙로 149 · 한국관광공사 연관 관광지 · 카카오 좌표,1,0,,강원특별자치도,MATCH_CANDIDATE,1,강원특별자치도 영월군 영월읍
ro152,해남,해남소망식당 본점,전남광주통합특별시 해남군 해남읍 구교2길 2 · 한국관광공사 연관 관광지 · 카카오 좌표,1,0,,전남광주통합특별시,MATCH_CANDIDATE,1,전남광주통합특별시 해남군 해남읍
ro153,보령,원산도명가식당,충남 보령시 오천면 원산도3길 211-20 · 한국관광공사 연관 관광지 · 카카오 좌표,1,0,,충청남도,MATCH_CANDIDATE,1,충청남도 보령시 오천면
ro154,인천,인천종합어시장,인천 제물포구 연안부두로33번길 37 · 한국관광공사 연관 관광지 · 카카오 좌표,0,0,,인천광역시,NO_EXACT_MUNICIPALITY_TOWNSHIP_TOKENS,0,
ro155,부안,국립새만금간척박물관,전북특별자치도 부안군 변산면 새만금로 29-7 · 한국관광공사 연관 관광지 · 카카오 좌표,1,0,,전북특별자치도,MATCH_CANDIDATE,1,전북특별자치도 부안군 변산면
ro156,원주,구룡사,강원특별자치도 원주시 소초면 구룡사로 500 · 한국관광공사 연관 관광지 · 카카오 좌표,1,0,,강원특별자치도,MATCH_CANDIDATE,1,강원특별자치도 원주시 소초면
ro157,보령,보령중앙시장,충남 보령시 대천동 335-24 · 한국관광공사 연관 관광지 · 카카오 좌표,0,0,,충청남도,NO_EXACT_MUNICIPALITY_TOWNSHIP_TOKENS,0,
ro158,해남,송호해수욕장,전남광주통합특별시 해남군 송지면 땅끝해안로 1827 · 한국관광공사 연관 관광지 · 카카오 좌표,1,0,,전남광주통합특별시,MATCH_CANDIDATE,1,전남광주통합특별시 해남군 송지면
ro159,고성(강원),하늬라벤더팜,강원특별자치도 고성군 간성읍 꽃대마을길 175 · 한국관광공사 연관 관광지 · 카카오 좌표,1,0,,강원특별자치도,MATCH_CANDIDATE,1,강원특별자치도 고성군 간성읍
ro160,서울,전쟁기념관,서울 용산구 이태원로 29 · 한국관광공사 연관 관광지 · 카카오 좌표,0,0,,서울특별시,NO_EXACT_MUNICIPALITY_TOWNSHIP_TOKENS,0,
ro161,경주,맷돌순두부,경북 경주시 북군길 7 · 한국관광공사 연관 관광지 · 카카오 좌표,0,0,,경상북도,NO_EXACT_MUNICIPALITY_TOWNSHIP_TOKENS,0,
ro162,진주,송기원 진주냉면 본점,경남 진주시 모덕로47번길 1-2 · 한국관광공사 연관 관광지 · 카카오 좌표,0,0,,경상남도,NO_EXACT_MUNICIPALITY_TOWNSHIP_TOKENS,0,
ro163,목포,코롬방제과점,전남광주통합특별시 목포시 영산로75번길 7 · 한국관광공사 연관 관광지 · 카카오 좌표,0,0,,전남광주통합특별시,NO_EXACT_MUNICIPALITY_TOWNSHIP_TOKENS,0,
ro164,공주,곰골식당,충남 공주시 봉황산1길 1-2 · 한국관광공사 연관 관광지 · 카카오 좌표,0,0,,충청남도,NO_EXACT_MUNICIPALITY_TOWNSHIP_TOKENS,0,
ro165,이천,경춘당Bakery&Brunch카페,경기 이천시 부발읍 경충대로 1675 · 한국관광공사 연관 관광지 · 카카오 좌표,1,0,,경기도,MATCH_CANDIDATE,1,경기도 이천시 부발읍
ro166,경주,경주 감은사지동서삼층석탑,경북 경주시 문무대왕면 용당리 55-3 · 한국관광공사 연관 관광지 · 카카오 좌표,1,0,,경상북도,MATCH_CANDIDATE,1,경상북도 경주시 문무대왕면
ro167,창원,용원어시장,경남 창원시 진해구 용원동 1057 · 한국관광공사 연관 관광지 · 카카오 좌표,0,0,,경상남도,NO_EXACT_MUNICIPALITY_TOWNSHIP_TOKENS,0,
ro168,제천,제천중앙시장,충북 제천시 풍양로 108 · 한국관광공사 연관 관광지 · 카카오 좌표,0,0,,충청북도,NO_EXACT_MUNICIPALITY_TOWNSHIP_TOKENS,0,
ro169,동해,도째비골 해랑전망대,강원특별자치도 동해시 묵호진동 13-1 · 한국관광공사 연관 관광지 · 카카오 좌표,0,0,,강원특별자치도,NO_EXACT_MUNICIPALITY_TOWNSHIP_TOKENS,0,
ro170,함안,능가사,경남 함안군 칠서면 계내1길 107 · 한국관광공사 연관 관광지 · 카카오 좌표,1,0,,경상남도,MATCH_CANDIDATE,1,경상남도 함안군 칠서면
ro171,목포,연희네슈퍼,전남광주통합특별시 목포시 해안로127번길 14-2 · 한국관광공사 연관 관광지 · 카카오 좌표,0,0,,전남광주통합특별시,NO_EXACT_MUNICIPALITY_TOWNSHIP_TOKENS,0,
ro172,울산,자수정동굴나라,울산 울주군 상북면 자수정로 212 · 한국관광공사 연관 관광지 · 카카오 좌표,1,0,,울산광역시,MATCH_CANDIDATE,1,울산광역시 울주군 상북면
ro173,서천,장항스카이워크,충남 서천군 장항읍 송림리 산 58-48 · 한국관광공사 연관 관광지 · 카카오 좌표,1,0,,충청남도,MATCH_CANDIDATE,1,충청남도 서천군 장항읍
ro174,서산,서산한우목장 웰빙산책로,충남 서산시 운산면 용현리 산 8-60 · 한국관광공사 연관 관광지 · 카카오 좌표,1,0,,충청남도,MATCH_CANDIDATE,1,충청남도 서산시 운산면
ro175,제천,제천경찰수련원,충북 제천시 청풍면 학현소야로 473 · 한국관광공사 연관 관광지 · 카카오 좌표,1,0,,충청북도,MATCH_CANDIDATE,1,충청북도 제천시 청풍면
ro176,창원,창원NC파크,경남 창원시 마산회원구 삼호로 63 · 한국관광공사 연관 관광지 · 카카오 좌표,0,0,,경상남도,NO_EXACT_MUNICIPALITY_TOWNSHIP_TOKENS,0,
ro177,부산,동백섬,부산 해운대구 우동 708-3 · 한국관광공사 연관 관광지 · 카카오 좌표,0,0,,부산광역시,NO_EXACT_MUNICIPALITY_TOWNSHIP_TOKENS,0,
ro178,제주,제주아트서커스,제주특별자치도 서귀포시 안덕면 동광로 214 · 한국관광공사 연관 관광지 · 카카오 좌표,1,0,,제주특별자치도,MATCH_CANDIDATE,1,제주특별자치도 서귀포시 안덕면
ro179,남해,남해전복물회,경남 남해군 이동면 남해대로 2436 · 한국관광공사 연관 관광지 · 카카오 좌표,1,0,,경상남도,MATCH_CANDIDATE,1,경상남도 남해군 이동면
ro180,공주,부자떡집,충남 공주시 용당길 11 · 한국관광공사 연관 관광지 · 카카오 좌표,0,0,,충청남도,NO_EXACT_MUNICIPALITY_TOWNSHIP_TOKENS,0,
ro181,남해,힙한식 (2026년 9월 이전예정),경남 남해군 삼동면 동부대로 1353-3 · 한국관광공사 연관 관광지 · 카카오 좌표,1,0,,경상남도,MATCH_CANDIDATE,1,경상남도 남해군 삼동면
ro182,남양주,팔당초계국수 본점,경기 남양주시 와부읍 다산로 43 · 한국관광공사 연관 관광지 · 카카오 좌표,1,0,,경기도,MATCH_CANDIDATE,1,경기도 남양주시 와부읍
ro183,울산,언양기와집불고기,울산 울주군 언양읍 헌양길 86 · 한국관광공사 연관 관광지 · 카카오 좌표,1,0,,울산광역시,MATCH_CANDIDATE,1,울산광역시 울주군 언양읍
ro184,해남,해남고구마빵 피낭시에,전남광주통합특별시 해남군 해남읍 읍내길 8 · 한국관광공사 연관 관광지 · 카카오 좌표,1,0,,전남광주통합특별시,MATCH_CANDIDATE,1,전남광주통합특별시 해남군 해남읍
ro185,부안,슬지제빵소,전북특별자치도 부안군 진서면 청자로 1076 · 한국관광공사 연관 관광지 · 카카오 좌표,1,0,,전북특별자치도,MATCH_CANDIDATE,1,전북특별자치도 부안군 진서면
ro186,양양,낙산 바람꽃해녀마을,강원특별자치도 양양군 양양읍 동해대로 3029-3 · 한국관광공사 연관 관광지 · 카카오 좌표,1,0,,강원특별자치도,MATCH_CANDIDATE,1,강원특별자치도 양양군 양양읍
ro187,원주,까치둥지,강원특별자치도 원주시 치악로 1731 · 한국관광공사 연관 관광지 · 카카오 좌표,0,0,,강원특별자치도,NO_EXACT_MUNICIPALITY_TOWNSHIP_TOKENS,0,
ro188,영월,장릉,강원특별자치도 영월군 영월읍 단종로 190 · 한국관광공사 연관 관광지 · 카카오 좌표,1,0,,강원특별자치도,MATCH_CANDIDATE,1,강원특별자치도 영월군 영월읍
ro189,태백,태백석탄박물관,강원특별자치도 태백시 천제단길 195 · 한국관광공사 연관 관광지 · 카카오 좌표,0,0,,강원특별자치도,NO_EXACT_MUNICIPALITY_TOWNSHIP_TOKENS,0,
ro190,태백,용연동굴,강원특별자치도 태백시 태백로 283-29 · 한국관광공사 연관 관광지 · 카카오 좌표,0,0,,강원특별자치도,NO_EXACT_MUNICIPALITY_TOWNSHIP_TOKENS,0,
ro191,태백,황지공원 황지연못,강원특별자치도 태백시 황지연못길 12 · 한국관광공사 연관 관광지 · 카카오 좌표,0,0,,강원특별자치도,NO_EXACT_MUNICIPALITY_TOWNSHIP_TOKENS,0,
ro192,여수,국동항,전남광주통합특별시 여수시 국동 · 한국관광공사 연관 관광지 · 카카오 좌표,1,0,,전남광주통합특별시,MATCH_CANDIDATE,1,전남광주통합특별시 여수시 국동
ro193,목포,고하도전망대,전남광주통합특별시 목포시 고하도안길 234 · 한국관광공사 연관 관광지 · 카카오 좌표,0,0,,전남광주통합특별시,NO_EXACT_MUNICIPALITY_TOWNSHIP_TOKENS,0,
ro194,남해,남해전통시장,경남 남해군 남해읍 북변리 282-11 · 한국관광공사 연관 관광지 · 카카오 좌표,1,0,,경상남도,MATCH_CANDIDATE,1,경상남도 남해군 남해읍
ro195,함안,함안말이산고분군,경남 함안군 가야읍 말산리 325-1 · 한국관광공사 연관 관광지 · 카카오 좌표,1,0,,경상남도,MATCH_CANDIDATE,1,경상남도 함안군 가야읍
ro196,부여,사랑나무돈까스,충남 부여군 임천면 성흥로 87 · 한국관광공사 연관 관광지 · 카카오 좌표,1,0,,충청남도,MATCH_CANDIDATE,1,충청남도 부여군 임천면
ro197,남해,물미해안전망대,경남 남해군 삼동면 동부대로 720 · 한국관광공사 연관 관광지 · 카카오 좌표,1,0,,경상남도,MATCH_CANDIDATE,1,경상남도 남해군 삼동면
ro198,공주,무령왕릉,충남 공주시 금성동 140-8 · 한국관광공사 연관 관광지 · 카카오 좌표,0,0,,충청남도,NO_EXACT_MUNICIPALITY_TOWNSHIP_TOKENS,0,
ro199,당진,면천읍성,충남 당진시 면천면 성상리 930-1 · 한국관광공사 연관 관광지 · 카카오 좌표,1,0,,충청남도,MATCH_CANDIDATE,1,충청남도 당진시 면천면
ro200,예산,예당저수지,충남 예산군 광시면 장전리 33 · 한국관광공사 연관 관광지 · 카카오 좌표,1,0,,충청남도,MATCH_CANDIDATE,1,충청남도 예산군 광시면
ro201,논산,논산선샤인랜드,충남 논산시 연무읍 봉황로 102 · 한국관광공사 연관 관광지 · 카카오 좌표,1,0,,충청남도,MATCH_CANDIDATE,1,충청남도 논산시 연무읍
ro202,군산,몽돌해변,전북특별자치도 군산시 옥도면 선유도리 · 한국관광공사 연관 관광지 · 카카오 좌표,1,0,,전북특별자치도,MATCH_CANDIDATE,1,전북특별자치도 군산시 옥도면
ro203,논산,명재고택,충남 논산시 노성면 노성산성길 50 · 한국관광공사 연관 관광지 · 카카오 좌표,1,0,,충청남도,MATCH_CANDIDATE,1,충청남도 논산시 노성면
ro204,파주,보광사 대웅보전,경기 파주시 광탄면 보광로474번길 87 · 한국관광공사 연관 관광지 · 카카오 좌표,1,0,,경기도,MATCH_CANDIDATE,1,경기도 파주시 광탄면
ro205,남양주,빛터널공원,경기 남양주시 와부읍 도곡리 산 45-2 · 한국관광공사 연관 관광지 · 카카오 좌표,1,0,,경기도,MATCH_CANDIDATE,1,경기도 남양주시 와부읍
ro206,평창,광천선굴 어드벤처 테마파크,강원특별자치도 평창군 대화면 고대동길 119 · 한국관광공사 연관 관광지 · 카카오 좌표,1,0,,강원특별자치도,MATCH_CANDIDATE,1,강원특별자치도 평창군 대화면
ro207,고창,고창 세계유산 고인돌박물관,전북특별자치도 고창군 고창읍 고인돌공원길 74 · 한국관광공사 연관 관광지 · 카카오 좌표,1,0,,전북특별자치도,MATCH_CANDIDATE,1,전북특별자치도 고창군 고창읍
ro208,서울,양화한강공원,서울 영등포구 노들로 221 · 한국관광공사 연관 관광지 · 카카오 좌표,0,0,,서울특별시,NO_EXACT_MUNICIPALITY_TOWNSHIP_TOKENS,0,
ro209,제주,원앙폭포,제주특별자치도 서귀포시 돈내코로 137 · 한국관광공사 연관 관광지 · 카카오 좌표,0,0,,제주특별자치도,NO_EXACT_MUNICIPALITY_TOWNSHIP_TOKENS,0,
ro210,제주,법환포구,제주특별자치도 서귀포시 법환동 286-3 · 한국관광공사 연관 관광지 · 카카오 좌표,0,0,,제주특별자치도,NO_EXACT_MUNICIPALITY_TOWNSHIP_TOKENS,0,
ro211,영덕,나비산기사식당,경북 영덕군 강구면 강산로 10 · 한국관광공사 연관 관광지 · 카카오 좌표,1,0,,경상북도,MATCH_CANDIDATE,1,경상북도 영덕군 강구면
ro212,동해,황정숙막국수,강원특별자치도 동해시 중앙로 42 · 한국관광공사 연관 관광지 · 카카오 좌표,0,0,,강원특별자치도,NO_EXACT_MUNICIPALITY_TOWNSHIP_TOKENS,0,
ro213,양양,영광정메밀국수,강원특별자치도 양양군 강현면 진미로 446 · 한국관광공사 연관 관광지 · 카카오 좌표,1,0,,강원특별자치도,MATCH_CANDIDATE,1,강원특별자치도 양양군 강현면
ro214,인천,메이드림,인천 영종구 용유서로479번길 42 · 한국관광공사 연관 관광지 · 카카오 좌표,0,0,,인천광역시,NO_EXACT_MUNICIPALITY_TOWNSHIP_TOKENS,0,
ro215,담양,베비에르밀팩토리,전남광주통합특별시 담양군 담양읍 죽향대로 1300 · 한국관광공사 연관 관광지 · 카카오 좌표,1,0,,전남광주통합특별시,MATCH_CANDIDATE,1,전남광주통합특별시 담양군 담양읍
ro216,논산,반월소바,충남 논산시 해월로 132 · 한국관광공사 연관 관광지 · 카카오 좌표,0,0,,충청남도,NO_EXACT_MUNICIPALITY_TOWNSHIP_TOKENS,0,
ro217,동해,감추해변,강원특별자치도 동해시 송정동 · 한국관광공사 연관 관광지 · 카카오 좌표,1,0,,강원특별자치도,MATCH_CANDIDATE,1,강원특별자치도 동해시 송정동
ro218,진주,진주남강유등전시관,경남 진주시 망경로 207 · 한국관광공사 연관 관광지 · 카카오 좌표,0,0,,경상남도,NO_EXACT_MUNICIPALITY_TOWNSHIP_TOKENS,0,
ro219,인천,인천항 연안부두,인천 제물포구 연안부두로 70 · 한국관광공사 연관 관광지 · 카카오 좌표,0,0,,인천광역시,NO_EXACT_MUNICIPALITY_TOWNSHIP_TOKENS,0,
ro220,장흥,정남진장흥토요시장,전남광주통합특별시 장흥군 장흥읍 토요시장1길 53 · 한국관광공사 연관 관광지 · 카카오 좌표,1,0,,전남광주통합특별시,MATCH_CANDIDATE,1,전남광주통합특별시 장흥군 장흥읍
ro221,사천,아라마루 아쿠아리움,경남 사천시 사천대로 18 · 한국관광공사 연관 관광지 · 카카오 좌표,0,0,,경상남도,NO_EXACT_MUNICIPALITY_TOWNSHIP_TOKENS,0,
ro222,부여,정림사지5층석탑,충남 부여군 부여읍 정림로 83 · 한국관광공사 연관 관광지 · 카카오 좌표,1,0,,충청남도,MATCH_CANDIDATE,1,충청남도 부여군 부여읍
ro223,가평,국립유명산자연휴양림,경기 가평군 설악면 유명산길 79-53 · 한국관광공사 연관 관광지 · 카카오 좌표,1,0,,경기도,MATCH_CANDIDATE,1,경기도 가평군 설악면
ro224,부안,고사포해수욕장,전북특별자치도 부안군 변산면 노루목길 28 · 한국관광공사 연관 관광지 · 카카오 좌표,1,0,,전북특별자치도,MATCH_CANDIDATE,1,전북특별자치도 부안군 변산면
ro225,양평,황순원문학촌 소나기마을,경기 양평군 서종면 소나기마을길 24 · 한국관광공사 연관 관광지 · 카카오 좌표,1,0,,경기도,MATCH_CANDIDATE,1,경기도 양평군 서종면
ro226,부산,해운대달맞이길,부산 해운대구 중동 산 42-20 · 한국관광공사 연관 관광지 · 카카오 좌표,0,0,,부산광역시,NO_EXACT_MUNICIPALITY_TOWNSHIP_TOKENS,0,
ro227,원주,미로예술 원주중앙시장,강원특별자치도 원주시 중앙시장길 6 · 한국관광공사 연관 관광지 · 카카오 좌표,0,0,,강원특별자치도,NO_EXACT_MUNICIPALITY_TOWNSHIP_TOKENS,0,
ro228,동해,거동탕수육,강원특별자치도 동해시 일출로 83 · 한국관광공사 연관 관광지 · 카카오 좌표,0,0,,강원특별자치도,NO_EXACT_MUNICIPALITY_TOWNSHIP_TOKENS,0,
ro229,평창,평창한우마을 대관령,강원특별자치도 평창군 대관령면 경강로 5195-25 · 한국관광공사 연관 관광지 · 카카오 좌표,1,0,,강원특별자치도,MATCH_CANDIDATE,1,강원특별자치도 평창군 대관령면
ro230,대구,리안,대구 수성구 교학로4길 48 · 한국관광공사 연관 관광지 · 카카오 좌표,0,0,,대구광역시,NO_EXACT_MUNICIPALITY_TOWNSHIP_TOKENS,0,
ro231,평창,부일식당,강원특별자치도 평창군 진부면 진부중앙로 100-5 · 한국관광공사 연관 관광지 · 카카오 좌표,1,0,,강원특별자치도,MATCH_CANDIDATE,1,강원특별자치도 평창군 진부면
ro232,인천,황해 해물칼국수 본점,인천 영종구 마시란로 50 · 한국관광공사 연관 관광지 · 카카오 좌표,0,0,,인천광역시,NO_EXACT_MUNICIPALITY_TOWNSHIP_TOKENS,0,
ro233,예산,소복갈비,충남 예산군 예산읍 천변로195번길 9 · 한국관광공사 연관 관광지 · 카카오 좌표,1,0,,충청남도,MATCH_CANDIDATE,1,충청남도 예산군 예산읍
ro234,진주,진주냉면산홍 본점,경남 진주시 금산면 금산로 62 · 한국관광공사 연관 관광지 · 카카오 좌표,1,0,,경상남도,MATCH_CANDIDATE,1,경상남도 진주시 금산면
ro235,고창,북경반점,전북특별자치도 고창군 고창읍 보릿골로 127-6 · 한국관광공사 연관 관광지 · 카카오 좌표,1,0,,전북특별자치도,MATCH_CANDIDATE,1,전북특별자치도 고창군 고창읍
ro236,군산,한일옥,전북특별자치도 군산시 구영3길 63 · 한국관광공사 연관 관광지 · 카카오 좌표,0,0,,전북특별자치도,NO_EXACT_MUNICIPALITY_TOWNSHIP_TOKENS,0,
ro237,부안,변산명인바지락죽,전북특별자치도 부안군 변산면 변산해변로 794 · 한국관광공사 연관 관광지 · 카카오 좌표,1,0,,전북특별자치도,MATCH_CANDIDATE,1,전북특별자치도 부안군 변산면
ro238,고양,일산칼국수 본점,경기 고양시 일산동구 경의로 467 · 한국관광공사 연관 관광지 · 카카오 좌표,0,0,,경기도,NO_EXACT_MUNICIPALITY_TOWNSHIP_TOKENS,0,
ro239,영덕,보움,경북 영덕군 영덕읍 영덕대게로 928 · 한국관광공사 연관 관광지 · 카카오 좌표,1,0,,경상북도,MATCH_CANDIDATE,1,경상북도 영덕군 영덕읍
ro240,부산,풍원장시골밥상집,부산 기장군 기장읍 기장해안로 250 · 한국관광공사 연관 관광지 · 카카오 좌표,1,0,,부산광역시,MATCH_CANDIDATE,1,부산광역시 기장군 기장읍
ro241,부산,피아크 카페엔베이커리,부산 영도구 해양로195번길 180 · 한국관광공사 연관 관광지 · 카카오 좌표,0,0,,부산광역시,NO_EXACT_MUNICIPALITY_TOWNSHIP_TOKENS,0,
ro242,경주,송대말등대,경북 경주시 감포읍 감포로 226-19 · 한국관광공사 연관 관광지 · 카카오 좌표,1,0,,경상북도,MATCH_CANDIDATE,1,경상북도 경주시 감포읍
ro243,정선,강원네이처로드 5코스 만항재드라이브길,강원특별자치도 정선군 고한읍 고한리 산 214-4 · 한국관광공사 연관 관광지 · 카카오 좌표,1,0,,강원특별자치도,MATCH_CANDIDATE,1,강원특별자치도 정선군 고한읍
ro244,경주,나정고운모래해변,경북 경주시 감포읍 동해안로 1915 · 한국관광공사 연관 관광지 · 카카오 좌표,1,0,,경상북도,MATCH_CANDIDATE,1,경상북도 경주시 감포읍
ro245,전주,전주덕진공원,전북특별자치도 전주시 덕진구 권삼득로 390 · 한국관광공사 연관 관광지 · 카카오 좌표,0,0,,전북특별자치도,NO_EXACT_MUNICIPALITY_TOWNSHIP_TOKENS,0,
ro246,통영,통영달아공원 달아전망대,경남 통영시 산양읍 미남리 산 246 · 한국관광공사 연관 관광지 · 카카오 좌표,1,0,,경상남도,MATCH_CANDIDATE,1,경상남도 통영시 산양읍
ro247,철원,노동당사,강원특별자치도 철원군 철원읍 금강산로 265 · 한국관광공사 연관 관광지 · 카카오 좌표,1,0,,강원특별자치도,MATCH_CANDIDATE,1,강원특별자치도 철원군 철원읍
ro248,철원,고석정국민관광지,강원특별자치도 철원군 동송읍 태봉로 1825 · 한국관광공사 연관 관광지 · 카카오 좌표,1,0,,강원특별자치도,MATCH_CANDIDATE,1,강원특별자치도 철원군 동송읍
ro249,산청,수선사,경남 산청군 산청읍 웅석봉로154번길 102-23 · 한국관광공사 연관 관광지 · 카카오 좌표,1,0,,경상남도,MATCH_CANDIDATE,1,경상남도 산청군 산청읍
ro250,인천,국립인천해양박물관,인천 제물포구 월미로 294 · 한국관광공사 연관 관광지 · 카카오 좌표,0,0,,인천광역시,NO_EXACT_MUNICIPALITY_TOWNSHIP_TOKENS,0,
ro251,목포,국립해양유산연구소,전남광주통합특별시 목포시 남농로 136 · 한국관광공사 연관 관광지 · 카카오 좌표,0,0,,전남광주통합특별시,NO_EXACT_MUNICIPALITY_TOWNSHIP_TOKENS,0,
ro252,부안,소노벨변산 오션플레이,전북특별자치도 부안군 변산면 격포리 257 · 한국관광공사 연관 관광지 · 카카오 좌표,1,0,,전북특별자치도,MATCH_CANDIDATE,1,전북특별자치도 부안군 변산면
ro253,부여,정림사지박물관,충남 부여군 부여읍 정림로 83 · 한국관광공사 연관 관광지 · 카카오 좌표,1,0,,충청남도,MATCH_CANDIDATE,1,충청남도 부여군 부여읍
ro254,고성,고성박물관,경남 고성군 고성읍 송학로113번길 50 · 한국관광공사 연관 관광지 · 카카오 좌표,1,0,,경상남도,MATCH_CANDIDATE,1,경상남도 고성군 고성읍
ro255,군산,옥돌해변,전북특별자치도 군산시 옥도면 선유도리 산 65 · 한국관광공사 연관 관광지 · 카카오 좌표,1,0,,전북특별자치도,MATCH_CANDIDATE,1,전북특별자치도 군산시 옥도면
ro256,부안,격포항 수산시장,전북특별자치도 부안군 변산면 격포중앙길 28-4 · 한국관광공사 연관 관광지 · 카카오 좌표,1,0,,전북특별자치도,MATCH_CANDIDATE,1,전북특별자치도 부안군 변산면
ro257,서산,대산항,충남 서산시 대산읍 대죽리 1110-1 · 한국관광공사 연관 관광지 · 카카오 좌표,1,0,,충청남도,MATCH_CANDIDATE,1,충청남도 서산시 대산읍
ro258,밀양,얼음골,경남 밀양시 산내면 남명리 산 95-1 · 한국관광공사 연관 관광지 · 카카오 좌표,1,0,,경상남도,MATCH_CANDIDATE,1,경상남도 밀양시 산내면
ro259,고창,동호해수욕장,전북특별자치도 고창군 해리면 동호리 · 한국관광공사 연관 관광지 · 카카오 좌표,1,0,,전북특별자치도,MATCH_CANDIDATE,1,전북특별자치도 고창군 해리면
ro260,부산,태종대 전망대,부산 영도구 전망로 209 · 한국관광공사 연관 관광지 · 카카오 좌표,0,0,,부산광역시,NO_EXACT_MUNICIPALITY_TOWNSHIP_TOKENS,0,
ro261,제주,한라산둘레길 사려니숲길,제주특별자치도 제주시 조천읍 교래리 산 137-1 · 한국관광공사 연관 관광지 · 카카오 좌표,1,0,,제주특별자치도,MATCH_CANDIDATE,1,제주특별자치도 제주시 조천읍
ro262,안동,안동 간고등어 일직식당 직영점 예미정,경북 안동시 경동로 676 · 한국관광공사 연관 관광지 · 카카오 좌표,0,0,,경상북도,NO_EXACT_MUNICIPALITY_TOWNSHIP_TOKENS,0,
ro263,화순,미네랄하우스,전남광주통합특별시 화순군 화순읍 학포로 2655 · 한국관광공사 연관 관광지 · 카카오 좌표,1,0,,전남광주통합특별시,MATCH_CANDIDATE,1,전남광주통합특별시 화순군 화순읍
ro264,남원,명문제과,전북특별자치도 남원시 용성로 56 · 한국관광공사 연관 관광지 · 카카오 좌표,0,0,,전북특별자치도,NO_EXACT_MUNICIPALITY_TOWNSHIP_TOKENS,0,
ro265,부여,장원막국수,충남 부여군 부여읍 나루터로62번길 20 · 한국관광공사 연관 관광지 · 카카오 좌표,1,0,,충청남도,MATCH_CANDIDATE,1,충청남도 부여군 부여읍
ro266,익산,한일식당,전북특별자치도 익산시 황등면 황등로 106 · 한국관광공사 연관 관광지 · 카카오 좌표,1,0,,전북특별자치도,MATCH_CANDIDATE,1,전북특별자치도 익산시 황등면
ro267,논산,강경해물칼국수,충남 논산시 강경읍 계백로147번길 7 · 한국관광공사 연관 관광지 · 카카오 좌표,1,0,,충청남도,MATCH_CANDIDATE,1,충청남도 논산시 강경읍
ro268,파주,갈릴리농원 본관,경기 파주시 탄현면 방촌로 1196 · 한국관광공사 연관 관광지 · 카카오 좌표,1,0,,경기도,MATCH_CANDIDATE,1,경기도 파주시 탄현면
ro269,대구,코오롱야외음악당,대구 달서구 야외음악당로 180 · 한국관광공사 연관 관광지 · 카카오 좌표,0,0,,대구광역시,NO_EXACT_MUNICIPALITY_TOWNSHIP_TOKENS,0,
ro270,대구,대구간송미술관,대구 수성구 미술관로 70 · 한국관광공사 연관 관광지 · 카카오 좌표,0,0,,대구광역시,NO_EXACT_MUNICIPALITY_TOWNSHIP_TOKENS,0,
ro271,영월,김삿갓계곡,강원특별자치도 영월군 김삿갓면 와석리 · 한국관광공사 연관 관광지 · 카카오 좌표,1,0,,강원특별자치도,MATCH_CANDIDATE,1,강원특별자치도 영월군 김삿갓면
ro272,철원,소이산모노레일 철원역,강원특별자치도 철원군 철원읍 사요리 368 · 한국관광공사 연관 관광지 · 카카오 좌표,1,0,,강원특별자치도,MATCH_CANDIDATE,1,강원특별자치도 철원군 철원읍
ro273,전주,국립전주박물관,전북특별자치도 전주시 완산구 쑥고개로 249 · 한국관광공사 연관 관광지 · 카카오 좌표,0,0,,전북특별자치도,NO_EXACT_MUNICIPALITY_TOWNSHIP_TOKENS,0,
ro274,순천,낙안읍성민속마을 김소아가옥,전남광주통합특별시 순천시 낙안면 충민길 104 · 한국관광공사 연관 관광지 · 카카오 좌표,1,0,,전남광주통합특별시,MATCH_CANDIDATE,1,전남광주통합특별시 순천시 낙안면
ro275,고성,그레이스정원,경남 고성군 상리면 삼상로 1312-71 · 한국관광공사 연관 관광지 · 카카오 좌표,1,0,,경상남도,MATCH_CANDIDATE,1,경상남도 고성군 상리면
ro276,남해,항도몽돌해수욕장,경남 남해군 미조면 송정리 · 한국관광공사 연관 관광지 · 카카오 좌표,1,0,,경상남도,MATCH_CANDIDATE,1,경상남도 남해군 미조면
ro277,안동,안동시립박물관,경북 안동시 민속촌길 13 · 한국관광공사 연관 관광지 · 카카오 좌표,0,0,,경상북도,NO_EXACT_MUNICIPALITY_TOWNSHIP_TOKENS,0,
ro278,해남,우수영국민관광지,전남광주통합특별시 해남군 문내면 관광레저로 12 · 한국관광공사 연관 관광지 · 카카오 좌표,1,0,,전남광주통합특별시,MATCH_CANDIDATE,1,전남광주통합특별시 해남군 문내면
ro279,남해,초전몽돌해변,경남 남해군 미조면 송정리 524-1 · 한국관광공사 연관 관광지 · 카카오 좌표,1,0,,경상남도,MATCH_CANDIDATE,1,경상남도 남해군 미조면
ro280,합천,합천박물관,경남 합천군 쌍책면 황강옥전로 1558 · 한국관광공사 연관 관광지 · 카카오 좌표,1,0,,경상남도,MATCH_CANDIDATE,1,경상남도 합천군 쌍책면
ro281,남원,서도역영상촬영장,전북특별자치도 남원시 사매면 서도길 32 · 한국관광공사 연관 관광지 · 카카오 좌표,1,0,,전북특별자치도,MATCH_CANDIDATE,1,전북특별자치도 남원시 사매면
ro282,공주,나태주풀꽃문학관,충남 공주시 봉황로 85-12 · 한국관광공사 연관 관광지 · 카카오 좌표,0,0,,충청남도,NO_EXACT_MUNICIPALITY_TOWNSHIP_TOKENS,0,
ro283,서천,마량포구,충남 서천군 서면 마량리 344 · 한국관광공사 연관 관광지 · 카카오 좌표,1,0,,충청남도,MATCH_CANDIDATE,1,충청남도 서천군 서면
ro284,해남,도솔암,전남광주통합특별시 해남군 송지면 마봉송종길 355-300 · 한국관광공사 연관 관광지 · 카카오 좌표,1,0,,전남광주통합특별시,MATCH_CANDIDATE,1,전남광주통합특별시 해남군 송지면
ro285,고창,구시포해수욕장,전북특별자치도 고창군 상하면 진암구시포로 545 · 한국관광공사 연관 관광지 · 카카오 좌표,1,0,,전북특별자치도,MATCH_CANDIDATE,1,전북특별자치도 고창군 상하면
ro286,논산,충곡서원,충남 논산시 부적면 충곡로269번길 60-7 · 한국관광공사 연관 관광지 · 카카오 좌표,1,0,,충청남도,MATCH_CANDIDATE,1,충청남도 논산시 부적면
ro287,아산,온양온천시장,충남 아산시 시장길 29 · 한국관광공사 연관 관광지 · 카카오 좌표,0,0,,충청남도,NO_EXACT_MUNICIPALITY_TOWNSHIP_TOKENS,0,
ro288,해남,땅끝국민관광지,전남광주통합특별시 해남군 송지면 송호리 · 한국관광공사 연관 관광지 · 카카오 좌표,1,0,,전남광주통합특별시,MATCH_CANDIDATE,1,전남광주통합특별시 해남군 송지면
ro289,서천,국립희리산해송자연휴양림,충남 서천군 종천면 희리산길 206 · 한국관광공사 연관 관광지 · 카카오 좌표,1,0,,충청남도,MATCH_CANDIDATE,1,충청남도 서천군 종천면
ro290,홍성,홍성스카이타워,충남 홍성군 서부면 남당항로 689 · 한국관광공사 연관 관광지 · 카카오 좌표,1,0,,충청남도,MATCH_CANDIDATE,1,충청남도 홍성군 서부면
ro291,서울,여의도 한강공원 수영장,서울 영등포구 여의도동 82-3 · 한국관광공사 연관 관광지 · 카카오 좌표,0,0,,서울특별시,NO_EXACT_MUNICIPALITY_TOWNSHIP_TOKENS,0,
ro292,부산,부전마켓타운,부산 부산진구 중앙대로783번길 23 · 한국관광공사 연관 관광지 · 카카오 좌표,0,0,,부산광역시,NO_EXACT_MUNICIPALITY_TOWNSHIP_TOKENS,0,
ro293,부산,엄궁농산물도매시장,부산 사상구 농산물시장로 17 · 한국관광공사 연관 관광지 · 카카오 좌표,0,0,,부산광역시,NO_EXACT_MUNICIPALITY_TOWNSHIP_TOKENS,0,
ro294,서울,수협 강서수산시장,서울 강서구 강서도매시장로 130 · 한국관광공사 연관 관광지 · 카카오 좌표,0,0,,서울특별시,NO_EXACT_MUNICIPALITY_TOWNSHIP_TOKENS,0,
ro295,단양,카페산,충북 단양군 가곡면 두산길 196-86 · 한국관광공사 연관 관광지 · 카카오 좌표,1,0,,충청북도,MATCH_CANDIDATE,1,충청북도 단양군 가곡면
ro296,정선,회동집,강원특별자치도 정선군 정선읍 5일장길 37-10 · 한국관광공사 연관 관광지 · 카카오 좌표,1,0,,강원특별자치도,MATCH_CANDIDATE,1,강원특별자치도 정선군 정선읍
ro297,태백,원조태성실비식당,강원특별자치도 태백시 감천로 4 · 한국관광공사 연관 관광지 · 카카오 좌표,0,0,,강원특별자치도,NO_EXACT_MUNICIPALITY_TOWNSHIP_TOKENS,0,
ro298,청주,베이커리카페 공간,충북 청주시 상당구 목련로 106-22 · 한국관광공사 연관 관광지 · 카카오 좌표,0,0,,충청북도,NO_EXACT_MUNICIPALITY_TOWNSHIP_TOKENS,0,
ro299,인천,롱비치커피앤브래드,인천 연수구 랜드마크로 194 · 한국관광공사 연관 관광지 · 카카오 좌표,0,0,,인천광역시,NO_EXACT_MUNICIPALITY_TOWNSHIP_TOKENS,0,
ro300,담양,뚝방국수,전남광주통합특별시 담양군 담양읍 천변5길 20 · 한국관광공사 연관 관광지 · 카카오 좌표,1,0,,전남광주통합특별시,MATCH_CANDIDATE,1,전남광주통합특별시 담양군 담양읍
ro301,인제,고향집식당,강원특별자치도 인제군 기린면 조침령로 115 · 한국관광공사 연관 관광지 · 카카오 좌표,1,0,,강원특별자치도,MATCH_CANDIDATE,1,강원특별자치도 인제군 기린면
ro302,아산,목화반점,충남 아산시 온주길26번길 7-3 · 한국관광공사 연관 관광지 · 카카오 좌표,0,0,,충청남도,NO_EXACT_MUNICIPALITY_TOWNSHIP_TOKENS,0,
ro303,군산,빈해원,전북특별자치도 군산시 동령길 57 · 한국관광공사 연관 관광지 · 카카오 좌표,0,0,,전북특별자치도,NO_EXACT_MUNICIPALITY_TOWNSHIP_TOKENS,0,
ro304,남양주,기와집순두부 조안본점,경기 남양주시 조안면 북한강로 133 · 한국관광공사 연관 관광지 · 카카오 좌표,1,0,,경기도,MATCH_CANDIDATE,1,경기도 남양주시 조안면
ro305,부산,해운대가야밀면,부산 해운대구 좌동순환로 27 · 한국관광공사 연관 관광지 · 카카오 좌표,0,0,,부산광역시,NO_EXACT_MUNICIPALITY_TOWNSHIP_TOKENS,0,
ro306,부산,냉수탕가든,부산 부산진구 가야공원로 107 · 한국관광공사 연관 관광지 · 카카오 좌표,0,0,,부산광역시,NO_EXACT_MUNICIPALITY_TOWNSHIP_TOKENS,0,
ro307,하동,더로드101 하동,경남 하동군 화개면 화개로 357 · 한국관광공사 연관 관광지 · 카카오 좌표,1,0,,경상남도,MATCH_CANDIDATE,1,경상남도 하동군 화개면
ro308,제천,송계계곡,충북 제천시 한수면 송계리 · 한국관광공사 연관 관광지 · 카카오 좌표,1,0,,충청북도,MATCH_CANDIDATE,1,충청북도 제천시 한수면
ro309,제천,청풍호관광 모노레일,충북 제천시 청풍면 청풍명월로 879-17 · 한국관광공사 연관 관광지 · 카카오 좌표,1,0,,충청북도,MATCH_CANDIDATE,1,충청북도 제천시 청풍면
ro310,제천,청풍문화유산단지,충북 제천시 청풍면 청풍호로 2048 · 한국관광공사 연관 관광지 · 카카오 좌표,1,0,,충청북도,MATCH_CANDIDATE,1,충청북도 제천시 청풍면
ro311,청주,육거리종합시장,충북 청주시 상당구 상당로1번길 17 · 한국관광공사 연관 관광지 · 카카오 좌표,0,0,,충청북도,NO_EXACT_MUNICIPALITY_TOWNSHIP_TOKENS,0,
ro312,통영,당포항,경남 통영시 산양읍 당포리 372-11 · 한국관광공사 연관 관광지 · 카카오 좌표,1,0,,경상남도,MATCH_CANDIDATE,1,경상남도 통영시 산양읍
ro313,대구,이월드,대구 달서구 두류공원로 200 · 한국관광공사 연관 관광지 · 카카오 좌표,0,0,,대구광역시,NO_EXACT_MUNICIPALITY_TOWNSHIP_TOKENS,0,
ro314,인천,소래포구종합어시장,인천 남동구 소래역로 12 · 한국관광공사 연관 관광지 · 카카오 좌표,0,0,,인천광역시,NO_EXACT_MUNICIPALITY_TOWNSHIP_TOKENS,0,
ro315,사천,삼천포대교공원,경남 사천시 대방동 681-2 · 한국관광공사 연관 관광지 · 카카오 좌표,0,0,,경상남도,NO_EXACT_MUNICIPALITY_TOWNSHIP_TOKENS,0,
ro316,부여,낙화암,충남 부여군 부여읍 쌍북리 678-2 · 한국관광공사 연관 관광지 · 카카오 좌표,1,0,,충청남도,MATCH_CANDIDATE,1,충청남도 부여군 부여읍
ro317,인천,상상플랫폼,인천 제물포구 월미로 33 · 한국관광공사 연관 관광지 · 카카오 좌표,0,0,,인천광역시,NO_EXACT_MUNICIPALITY_TOWNSHIP_TOKENS,0,
ro318,부여,부여왕릉원,충남 부여군 부여읍 왕릉로 61 · 한국관광공사 연관 관광지 · 카카오 좌표,1,0,,충청남도,MATCH_CANDIDATE,1,충청남도 부여군 부여읍
ro319,천안,천안타운홀 전망대,충남 천안시 동남구 옛시청길 29 · 한국관광공사 연관 관광지 · 카카오 좌표,0,0,,충청남도,NO_EXACT_MUNICIPALITY_TOWNSHIP_TOKENS,0,
ro320,남원,피오리움,전북특별자치도 남원시 소리길 50 · 한국관광공사 연관 관광지 · 카카오 좌표,0,0,,전북특별자치도,NO_EXACT_MUNICIPALITY_TOWNSHIP_TOKENS,0,
ro321,천안,천안중앙시장,충남 천안시 동남구 영성로 53 · 한국관광공사 연관 관광지 · 카카오 좌표,0,0,,충청남도,NO_EXACT_MUNICIPALITY_TOWNSHIP_TOKENS,0,
ro322,군산,고군산군도,전북특별자치도 군산시 옥도면 선유도리 482 · 한국관광공사 연관 관광지 · 카카오 좌표,1,0,,전북특별자치도,MATCH_CANDIDATE,1,전북특별자치도 군산시 옥도면
ro323,군산,장자도,전북특별자치도 군산시 옥도면 장자도리 · 한국관광공사 연관 관광지 · 카카오 좌표,1,0,,전북특별자치도,MATCH_CANDIDATE,1,전북특별자치도 군산시 옥도면
ro324,이천,관고전통시장,경기 이천시 중리천로21번길 6 · 한국관광공사 연관 관광지 · 카카오 좌표,0,0,,경기도,NO_EXACT_MUNICIPALITY_TOWNSHIP_TOKENS,0,
ro325,예산,예당호 모노레일,충남 예산군 응봉면 예당관광로 158 · 한국관광공사 연관 관광지 · 카카오 좌표,1,0,,충청남도,MATCH_CANDIDATE,1,충청남도 예산군 응봉면
ro326,남양주,정약용유적지 생가,경기 남양주시 조안면 다산로747번길 11 · 한국관광공사 연관 관광지 · 카카오 좌표,1,0,,경기도,MATCH_CANDIDATE,1,경기도 남양주시 조안면
ro327,창원,반송시장,경남 창원시 성산구 반림동 17-18 · 한국관광공사 연관 관광지 · 카카오 좌표,0,0,,경상남도,NO_EXACT_MUNICIPALITY_TOWNSHIP_TOKENS,0,
ro328,고창,상하농원,전북특별자치도 고창군 상하면 상하농원길 23 · 한국관광공사 연관 관광지 · 카카오 좌표,1,0,,전북특별자치도,MATCH_CANDIDATE,1,전북특별자치도 고창군 상하면
ro329,서울,마포농수산물시장,서울 마포구 월드컵로 235 · 한국관광공사 연관 관광지 · 카카오 좌표,0,0,,서울특별시,NO_EXACT_MUNICIPALITY_TOWNSHIP_TOKENS,0,
ro330,서울,삼청각 유하정,서울 성북구 성북동 330-230 · 한국관광공사 연관 관광지 · 카카오 좌표,1,0,,서울특별시,MATCH_CANDIDATE,1,서울특별시 성북구 성북동
ro331,제천,산아래석갈비 본점,충북 제천시 백운면 금봉로 182 · 한국관광공사 연관 관광지 · 카카오 좌표,1,0,,충청북도,MATCH_CANDIDATE,1,충청북도 제천시 백운면
ro332,전주,호남각,전북특별자치도 전주시 덕진구 시천로 65 · 한국관광공사 연관 관광지 · 카카오 좌표,0,0,,전북특별자치도,NO_EXACT_MUNICIPALITY_TOWNSHIP_TOKENS,0,
ro333,전주,현대옥 전주본점,전북특별자치도 전주시 완산구 화산천변2길 7-4 · 한국관광공사 연관 관광지 · 카카오 좌표,0,0,,전북특별자치도,NO_EXACT_MUNICIPALITY_TOWNSHIP_TOKENS,0,
ro334,창원,투썸플레이스 창원귀산해변점,경남 창원시 성산구 삼귀로 167 · 한국관광공사 연관 관광지 · 카카오 좌표,0,0,,경상남도,NO_EXACT_MUNICIPALITY_TOWNSHIP_TOKENS,0,
ro335,울진,산수옥,경북 울진군 근남면 불영계곡로 3631 · 한국관광공사 연관 관광지 · 카카오 좌표,1,0,,경상북도,MATCH_CANDIDATE,1,경상북도 울진군 근남면
ro336,부여,사비향,충남 부여군 부여읍 궁남로 38 · 한국관광공사 연관 관광지 · 카카오 좌표,1,0,,충청남도,MATCH_CANDIDATE,1,충청남도 부여군 부여읍
ro337,천안,랜드마크 195,충남 천안시 동남구 유량로 195 · 한국관광공사 연관 관광지 · 카카오 좌표,0,0,,충청남도,NO_EXACT_MUNICIPALITY_TOWNSHIP_TOKENS,0,
ro338,울산,언양진미불고기,울산 울주군 삼남읍 중평로 33 · 한국관광공사 연관 관광지 · 카카오 좌표,1,0,,울산광역시,MATCH_CANDIDATE,1,울산광역시 울주군 삼남읍
ro339,이천,강민주의들밥 이천본점,경기 이천시 마장면 지산로22번길 17 · 한국관광공사 연관 관광지 · 카카오 좌표,1,0,,경기도,MATCH_CANDIDATE,1,경기도 이천시 마장면
ro340,양주,장흥폭포수식당,경기 양주시 장흥면 권율로309번길 169 · 한국관광공사 연관 관광지 · 카카오 좌표,1,0,,경기도,MATCH_CANDIDATE,1,경기도 양주시 장흥면
ro341,여주,천서리막국수 본점,경기 여주시 대신면 여양로 1974 · 한국관광공사 연관 관광지 · 카카오 좌표,1,0,,경기도,MATCH_CANDIDATE,1,경기도 여주시 대신면
ro342,포천,갈비1987,경기 포천시 이동면 화동로 2065-1 · 한국관광공사 연관 관광지 · 카카오 좌표,1,0,,경기도,MATCH_CANDIDATE,1,경기도 포천시 이동면
ro343,익산,어스언더파크 익산,전북특별자치도 익산시 황등면 황등7길 34 · 한국관광공사 연관 관광지 · 카카오 좌표,1,0,,전북특별자치도,MATCH_CANDIDATE,1,전북특별자치도 익산시 황등면
ro344,서울,성북동면옥집,서울 성북구 대사관로 40 · 한국관광공사 연관 관광지 · 카카오 좌표,0,0,,서울특별시,NO_EXACT_MUNICIPALITY_TOWNSHIP_TOKENS,0,
ro345,부산,탄티,부산 기장군 정관읍 달음산길 37 · 한국관광공사 연관 관광지 · 카카오 좌표,1,0,,부산광역시,MATCH_CANDIDATE,1,부산광역시 기장군 정관읍
ro346,정선,정선레일바이크,강원특별자치도 정선군 여량면 노추산로 745 · 한국관광공사 연관 관광지 · 카카오 좌표,1,0,,강원특별자치도,MATCH_CANDIDATE,1,강원특별자치도 정선군 여량면
ro347,수원,지동시장,경기 수원시 팔달구 팔달문로 19 · 한국관광공사 연관 관광지 · 카카오 좌표,0,0,,경기도,NO_EXACT_MUNICIPALITY_TOWNSHIP_TOKENS,0,
ro348,창원,창원컨벤션센터,경남 창원시 성산구 원이대로 362 · 한국관광공사 연관 관광지 · 카카오 좌표,0,0,,경상남도,NO_EXACT_MUNICIPALITY_TOWNSHIP_TOKENS,0,
ro349,수원,정자시장,경기 수원시 장안구 장안로89번길 47 · 한국관광공사 연관 관광지 · 카카오 좌표,0,0,,경기도,NO_EXACT_MUNICIPALITY_TOWNSHIP_TOKENS,0,
ro350,대구,대구미술관,대구 수성구 미술관로 40 · 한국관광공사 연관 관광지 · 카카오 좌표,0,0,,대구광역시,NO_EXACT_MUNICIPALITY_TOWNSHIP_TOKENS,0,
ro351,진주,진주실크박물관,경남 진주시 문산읍 월아산로 994 · 한국관광공사 연관 관광지 · 카카오 좌표,1,0,,경상남도,MATCH_CANDIDATE,1,경상남도 진주시 문산읍
ro352,철원,한탄강 횃불전망대,강원특별자치도 철원군 갈말읍 상사리 70-13 · 한국관광공사 연관 관광지 · 카카오 좌표,1,0,,강원특별자치도,MATCH_CANDIDATE,1,강원특별자치도 철원군 갈말읍
ro353,하동,동정호,경남 하동군 악양면 평사리 305-2 · 한국관광공사 연관 관광지 · 카카오 좌표,1,0,,경상남도,MATCH_CANDIDATE,1,경상남도 하동군 악양면
ro354,진주,철도문화공원,경남 진주시 강남동 245-242 · 한국관광공사 연관 관광지 · 카카오 좌표,0,0,,경상남도,NO_EXACT_MUNICIPALITY_TOWNSHIP_TOKENS,0,
ro355,사천,항공우주박물관,경남 사천시 사남면 공단1로 78 · 한국관광공사 연관 관광지 · 카카오 좌표,1,0,,경상남도,MATCH_CANDIDATE,1,경상남도 사천시 사남면
ro356,울릉,천부해중전망대,경북 울릉군 북면 울릉순환로 3137 · 한국관광공사 연관 관광지 · 카카오 좌표,1,0,,경상북도,MATCH_CANDIDATE,1,경상북도 울릉군 북면
ro357,춘천,춘천막국수체험박물관,강원특별자치도 춘천시 신북읍 신북로 264 · 한국관광공사 연관 관광지 · 카카오 좌표,1,0,,강원특별자치도,MATCH_CANDIDATE,1,강원특별자치도 춘천시 신북읍
ro358,화순,만연사,전남광주통합특별시 화순군 화순읍 진각로 367 · 한국관광공사 연관 관광지 · 카카오 좌표,1,0,,전남광주통합특별시,MATCH_CANDIDATE,1,전남광주통합특별시 화순군 화순읍
ro359,거창,거창산림레포츠파크,경남 거창군 고제면 빼재로 2099-35 · 한국관광공사 연관 관광지 · 카카오 좌표,1,0,,경상남도,MATCH_CANDIDATE,1,경상남도 거창군 고제면
ro360,공주,공주 무령왕릉과 왕릉원,충남 공주시 금성동 산 5-19 · 한국관광공사 연관 관광지 · 카카오 좌표,0,0,,충청남도,NO_EXACT_MUNICIPALITY_TOWNSHIP_TOKENS,0,
ro361,창원,마금산원탕보양온천,경남 창원시 의창구 북면 천주로 1167 · 한국관광공사 연관 관광지 · 카카오 좌표,1,0,,경상남도,MATCH_CANDIDATE,1,경상남도 창원시 의창구 북면
ro362,남원,남원시립김병종미술관,전북특별자치도 남원시 함파우길 65-14 · 한국관광공사 연관 관광지 · 카카오 좌표,0,0,,전북특별자치도,NO_EXACT_MUNICIPALITY_TOWNSHIP_TOKENS,0,
ro363,천안,천안박물관,충남 천안시 동남구 천안삼거리길 27 · 한국관광공사 연관 관광지 · 카카오 좌표,0,0,,충청남도,NO_EXACT_MUNICIPALITY_TOWNSHIP_TOKENS,0,
ro364,울산,언양알프스시장,울산 울주군 언양읍 장터1길 12-1 · 한국관광공사 연관 관광지 · 카카오 좌표,1,0,,울산광역시,MATCH_CANDIDATE,1,울산광역시 울주군 언양읍
ro365,공주,석장리박물관,충남 공주시 금벽로 990 · 한국관광공사 연관 관광지 · 카카오 좌표,0,0,,충청남도,NO_EXACT_MUNICIPALITY_TOWNSHIP_TOKENS,0,
ro367,서울,독립문영천시장,서울 서대문구 독립문로3길 22 · 한국관광공사 연관 관광지 · 카카오 좌표,0,0,,서울특별시,NO_EXACT_MUNICIPALITY_TOWNSHIP_TOKENS,0,
ro368,홍성,남당항 해양분수공원,충남 홍성군 서부면 남당리 864 · 한국관광공사 연관 관광지 · 카카오 좌표,1,0,,충청남도,MATCH_CANDIDATE,1,충청남도 홍성군 서부면
ro369,서울,화계사,서울 강북구 화계사길 117 · 한국관광공사 연관 관광지 · 카카오 좌표,0,0,,서울특별시,NO_EXACT_MUNICIPALITY_TOWNSHIP_TOKENS,0,
ro370,부산,삼락생태공원 연꽃단지,부산 사상구 삼락동 750 · 한국관광공사 연관 관광지 · 카카오 좌표,1,0,,부산광역시,MATCH_CANDIDATE,1,부산광역시 사상구 삼락동
ro371,서울,잠실한강공원,서울 송파구 잠실동 1-1 · 한국관광공사 연관 관광지 · 카카오 좌표,0,0,,서울특별시,NO_EXACT_MUNICIPALITY_TOWNSHIP_TOKENS,0,
ro372,서울,암사종합시장,서울 강동구 상암로11길 25 · 한국관광공사 연관 관광지 · 카카오 좌표,0,0,,서울특별시,NO_EXACT_MUNICIPALITY_TOWNSHIP_TOKENS,0,
ro373,서울,대한민국역사박물관,서울 종로구 세종대로 198 · 한국관광공사 연관 관광지 · 카카오 좌표,0,0,,서울특별시,NO_EXACT_MUNICIPALITY_TOWNSHIP_TOKENS,0,
ro374,제천,청풍황금떡갈비,충북 제천시 청풍면 청풍호로 1682 · 한국관광공사 연관 관광지 · 카카오 좌표,1,0,,충청북도,MATCH_CANDIDATE,1,충청북도 제천시 청풍면
ro375,충주,게으른악어,충북 충주시 살미면 월악로 927 · 한국관광공사 연관 관광지 · 카카오 좌표,1,0,,충청북도,MATCH_CANDIDATE,1,충청북도 충주시 살미면
ro376,창원,임진각식당,경남 창원시 의창구 팔용로 515 · 한국관광공사 연관 관광지 · 카카오 좌표,0,0,,경상남도,NO_EXACT_MUNICIPALITY_TOWNSHIP_TOKENS,0,
ro377,울릉,울릉도태양식당 따개비칼국수 본점,경북 울릉군 서면 울릉순환로 1278 · 한국관광공사 연관 관광지 · 카카오 좌표,1,0,,경상북도,MATCH_CANDIDATE,1,경상북도 울릉군 서면
ro378,창원,퍼시먼커피,경남 창원시 의창구 동읍 동읍로 617 · 한국관광공사 연관 관광지 · 카카오 좌표,1,0,,경상남도,MATCH_CANDIDATE,1,경상남도 창원시 의창구 동읍
ro379,밀양,밀양돌짬뽕,경남 밀양시 백민로 82-1 · 한국관광공사 연관 관광지 · 카카오 좌표,0,0,,경상남도,NO_EXACT_MUNICIPALITY_TOWNSHIP_TOKENS,0,
ro380,서천,한우마을,충남 서천군 판교면 종판로901번길 12 · 한국관광공사 연관 관광지 · 카카오 좌표,1,0,,충청남도,MATCH_CANDIDATE,1,충청남도 서천군 판교면
ro381,아산,죽순산장,충남 아산시 음봉면 음봉면로 227 · 한국관광공사 연관 관광지 · 카카오 좌표,1,0,,충청남도,MATCH_CANDIDATE,1,충청남도 아산시 음봉면
ro382,가평,델씨엘로,경기 가평군 청평면 경춘로 1031 · 한국관광공사 연관 관광지 · 카카오 좌표,1,0,,경기도,MATCH_CANDIDATE,1,경기도 가평군 청평면
ro383,파주,심학산도토리국수 본점,경기 파주시 교하로681번길 12 · 한국관광공사 연관 관광지 · 카카오 좌표,0,0,,경기도,NO_EXACT_MUNICIPALITY_TOWNSHIP_TOKENS,0,
ro384,완도,유일정식당,전남광주통합특별시 완도군 완도읍 개포로 11-28 · 한국관광공사 연관 관광지 · 카카오 좌표,1,0,,전남광주통합특별시,MATCH_CANDIDATE,1,전남광주통합특별시 완도군 완도읍
ro385,울진,울산회식당,경북 울진군 기성면 망양로 225-9 · 한국관광공사 연관 관광지 · 카카오 좌표,1,0,,경상북도,MATCH_CANDIDATE,1,경상북도 울진군 기성면
ro386,완도,개성순두부,전남광주통합특별시 완도군 완도읍 개포로 19 · 한국관광공사 연관 관광지 · 카카오 좌표,1,0,,전남광주통합특별시,MATCH_CANDIDATE,1,전남광주통합특별시 완도군 완도읍
ro387,사천,삼천포돌게장,경남 사천시 삼천포대교로 481 · 한국관광공사 연관 관광지 · 카카오 좌표,0,0,,경상남도,NO_EXACT_MUNICIPALITY_TOWNSHIP_TOKENS,0,
ro388,서천,장항갯벌식당,충남 서천군 장항읍 장항로161번길 7 · 한국관광공사 연관 관광지 · 카카오 좌표,1,0,,충청남도,MATCH_CANDIDATE,1,충청남도 서천군 장항읍
ro389,인제,옛날원대막국수,강원특별자치도 인제군 인제읍 자작나무숲길 1113 · 한국관광공사 연관 관광지 · 카카오 좌표,1,0,,강원특별자치도,MATCH_CANDIDATE,1,강원특별자치도 인제군 인제읍
ro390,대전,대전엑스포아쿠아리움,대전 유성구 엑스포로 1 · 한국관광공사 연관 관광지 · 카카오 좌표,0,0,,대전광역시,NO_EXACT_MUNICIPALITY_TOWNSHIP_TOKENS,0,
ro391,대전,한국조폐공사 화폐박물관,대전 유성구 과학로 80-67 · 한국관광공사 연관 관광지 · 카카오 좌표,0,0,,대전광역시,NO_EXACT_MUNICIPALITY_TOWNSHIP_TOKENS,0,
ro392,충주,악어봉,충북 충주시 살미면 신당리 산 30-1 · 한국관광공사 연관 관광지 · 카카오 좌표,1,0,,충청북도,MATCH_CANDIDATE,1,충청북도 충주시 살미면
ro393,평창,청옥산 육백마지기농장,강원특별자치도 평창군 미탄면 청옥산길 583-68 · 한국관광공사 연관 관광지 · 카카오 좌표,1,0,,강원특별자치도,MATCH_CANDIDATE,1,강원특별자치도 평창군 미탄면
ro394,평창,장전계곡,강원특별자치도 평창군 진부면 장전리 산 1 · 한국관광공사 연관 관광지 · 카카오 좌표,1,0,,강원특별자치도,MATCH_CANDIDATE,1,강원특별자치도 평창군 진부면
ro395,제천,박달재자연휴양림,충북 제천시 백운면 금봉로 223 · 한국관광공사 연관 관광지 · 카카오 좌표,1,0,,충청북도,MATCH_CANDIDATE,1,충청북도 제천시 백운면
ro396,태백,태백고원자연휴양림,강원특별자치도 태백시 머리골길 153 · 한국관광공사 연관 관광지 · 카카오 좌표,0,0,,강원특별자치도,NO_EXACT_MUNICIPALITY_TOWNSHIP_TOKENS,0,
ro397,태백,365세이프타운,강원특별자치도 태백시 평화길 15 · 한국관광공사 연관 관광지 · 카카오 좌표,0,0,,강원특별자치도,NO_EXACT_MUNICIPALITY_TOWNSHIP_TOKENS,0,
ro398,정선,화암약수,강원특별자치도 정선군 화암면 약수길 1328 · 한국관광공사 연관 관광지 · 카카오 좌표,1,0,,강원특별자치도,MATCH_CANDIDATE,1,강원특별자치도 정선군 화암면
ro399,평창,청옥산 전망대,강원특별자치도 평창군 미탄면 회동리 1-5 · 한국관광공사 연관 관광지 · 카카오 좌표,1,0,,강원특별자치도,MATCH_CANDIDATE,1,강원특별자치도 평창군 미탄면
ro400,수원,수원화성 장안문,경기 수원시 팔달구 정조로 910 · 한국관광공사 연관 관광지 · 카카오 좌표,0,0,,경기도,NO_EXACT_MUNICIPALITY_TOWNSHIP_TOKENS,0,
ro401,대구,국립대구과학관,대구 달성군 유가읍 테크노대로6길 20 · 한국관광공사 연관 관광지 · 카카오 좌표,1,0,,대구광역시,MATCH_CANDIDATE,1,대구광역시 달성군 유가읍
ro402,포천,담터계곡,경기 포천시 관인면 삼율리 · 한국관광공사 연관 관광지 · 카카오 좌표,1,0,,경기도,MATCH_CANDIDATE,1,경기도 포천시 관인면
ro403,고성,고성시장,경남 고성군 고성읍 중앙로25번길 57 · 한국관광공사 연관 관광지 · 카카오 좌표,1,0,,경상남도,MATCH_CANDIDATE,1,경상남도 고성군 고성읍
ro404,태백,구와우마을,강원특별자치도 태백시 구와우길 38-20 · 한국관광공사 연관 관광지 · 카카오 좌표,0,0,,강원특별자치도,NO_EXACT_MUNICIPALITY_TOWNSHIP_TOKENS,0,
ro405,인천,남촌농산물도매시장,인천 남동구 비류대로 763 · 한국관광공사 연관 관광지 · 카카오 좌표,0,0,,인천광역시,NO_EXACT_MUNICIPALITY_TOWNSHIP_TOKENS,0,
ro406,순천,순천조례호수공원,전남광주통합특별시 순천시 조례동 1867 · 한국관광공사 연관 관광지 · 카카오 좌표,0,0,,전남광주통합특별시,NO_EXACT_MUNICIPALITY_TOWNSHIP_TOKENS,0,
ro407,함안,함안고려동유적지,경남 함안군 산인면 모곡2길 53 · 한국관광공사 연관 관광지 · 카카오 좌표,1,0,,경상남도,MATCH_CANDIDATE,1,경상남도 함안군 산인면
ro408,사천,백천사,경남 사천시 백천길 326-2 · 한국관광공사 연관 관광지 · 카카오 좌표,0,0,,경상남도,NO_EXACT_MUNICIPALITY_TOWNSHIP_TOKENS,0,
ro409,진주,진양호,경남 진주시 대평면 당촌리 458 · 한국관광공사 연관 관광지 · 카카오 좌표,1,0,,경상남도,MATCH_CANDIDATE,1,경상남도 진주시 대평면
ro410,산청,남사예담촌,경남 산청군 단성면 지리산대로2897번길 10 · 한국관광공사 연관 관광지 · 카카오 좌표,1,0,,경상남도,MATCH_CANDIDATE,1,경상남도 산청군 단성면
ro411,춘천,레고랜드코리아리조트,강원특별자치도 춘천시 하중도길 128 · 한국관광공사 연관 관광지 · 카카오 좌표,0,0,,강원특별자치도,NO_EXACT_MUNICIPALITY_TOWNSHIP_TOKENS,0,
ro412,울릉,저동항,경북 울릉군 울릉읍 저동리 48-8 · 한국관광공사 연관 관광지 · 카카오 좌표,1,0,,경상북도,MATCH_CANDIDATE,1,경상북도 울릉군 울릉읍
ro413,화순,개미산 전망대,전남광주통합특별시 화순군 화순읍 연양1길 31 · 한국관광공사 연관 관광지 · 카카오 좌표,1,0,,전남광주통합특별시,MATCH_CANDIDATE,1,전남광주통합특별시 화순군 화순읍
ro414,창원,신촌온천,경남 창원시 의창구 북면 천주로1150번길 15-14 · 한국관광공사 연관 관광지 · 카카오 좌표,1,0,,경상남도,MATCH_CANDIDATE,1,경상남도 창원시 의창구 북면
ro415,남해,사촌해수욕장,경남 남해군 남면 남면로1229번길 44 · 한국관광공사 연관 관광지 · 카카오 좌표,1,0,,경상남도,MATCH_CANDIDATE,1,경상남도 남해군 남면
ro416,부여,부여중앙시장,충남 부여군 부여읍 사비로108번길 12 · 한국관광공사 연관 관광지 · 카카오 좌표,1,0,,충청남도,MATCH_CANDIDATE,1,충청남도 부여군 부여읍
ro417,남원,뱀사골계곡,전북특별자치도 남원시 산내면 부운리 · 한국관광공사 연관 관광지 · 카카오 좌표,1,0,,전북특별자치도,MATCH_CANDIDATE,1,전북특별자치도 남원시 산내면
ro418,아산,강당골,충남 아산시 송악면 강당리 510 · 한국관광공사 연관 관광지 · 카카오 좌표,1,0,,충청남도,MATCH_CANDIDATE,1,충청남도 아산시 송악면
ro420,아산,파라다이스스파도고,충남 아산시 선장면 도고온천로 176-1 · 한국관광공사 연관 관광지 · 카카오 좌표,1,0,,충청남도,MATCH_CANDIDATE,1,충청남도 아산시 선장면
ro421,울산,영남알프스 복합웰컴센터,울산 울주군 상북면 알프스온천5길 103-8 · 한국관광공사 연관 관광지 · 카카오 좌표,1,0,,울산광역시,MATCH_CANDIDATE,1,울산광역시 울주군 상북면
ro422,논산,탑정호수변생태공원,충남 논산시 부적면 충곡리 287-8 · 한국관광공사 연관 관광지 · 카카오 좌표,1,0,,충청남도,MATCH_CANDIDATE,1,충청남도 논산시 부적면
ro423,정읍,서현사지,전북특별자치도 정읍시 태인면 서재길 13 · 한국관광공사 연관 관광지 · 카카오 좌표,1,0,,전북특별자치도,MATCH_CANDIDATE,1,전북특별자치도 정읍시 태인면
ro424,울산,남창옹기종기시장,울산 울주군 온양읍 남창장터길 24 · 한국관광공사 연관 관광지 · 카카오 좌표,1,0,,울산광역시,MATCH_CANDIDATE,1,울산광역시 울주군 온양읍
ro425,창원,대산파크골프장,경남 창원시 의창구 대산면 북부리 196-2 · 한국관광공사 연관 관광지 · 카카오 좌표,1,0,,경상남도,MATCH_CANDIDATE,1,경상남도 창원시 의창구 대산면
ro426,당진,도비도항,충남 당진시 석문면 난지도리 · 한국관광공사 연관 관광지 · 카카오 좌표,1,0,,충청남도,MATCH_CANDIDATE,1,충청남도 당진시 석문면
ro427,창원,가음정 전통시장,경남 창원시 성산구 대정로35번길 4-1 · 한국관광공사 연관 관광지 · 카카오 좌표,0,0,,경상남도,NO_EXACT_MUNICIPALITY_TOWNSHIP_TOKENS,0,
ro428,밀양,여여정사,경남 밀양시 삼랑진읍 행곡1길 180-158 · 한국관광공사 연관 관광지 · 카카오 좌표,1,0,,경상남도,MATCH_CANDIDATE,1,경상남도 밀양시 삼랑진읍
ro429,가평,가평베고니아새정원,경기 가평군 설악면 미사리로270번길 30 · 한국관광공사 연관 관광지 · 카카오 좌표,1,0,,경기도,MATCH_CANDIDATE,1,경기도 가평군 설악면
ro430,서산,서산중앙호수공원,충남 서산시 읍내동 40 · 한국관광공사 연관 관광지 · 카카오 좌표,0,0,,충청남도,NO_EXACT_MUNICIPALITY_TOWNSHIP_TOKENS,0,
ro431,고창,석정휴스파,전북특별자치도 고창군 고창읍 석정2로 173 · 한국관광공사 연관 관광지 · 카카오 좌표,1,0,,전북특별자치도,MATCH_CANDIDATE,1,전북특별자치도 고창군 고창읍
ro432,여주,한강6경바위늪경 강천섬,경기 여주시 강천면 강천리 645 · 한국관광공사 연관 관광지 · 카카오 좌표,1,0,,경기도,MATCH_CANDIDATE,1,경기도 여주시 강천면
ro433,밀양,선샤인밀양테마파크,경남 밀양시 단장면 관광단지로 78 · 한국관광공사 연관 관광지 · 카카오 좌표,1,0,,경상남도,MATCH_CANDIDATE,1,경상남도 밀양시 단장면
ro434,파주,율곡수목원,경기 파주시 파평면 장승배기로 392 · 한국관광공사 연관 관광지 · 카카오 좌표,1,0,,경기도,MATCH_CANDIDATE,1,경기도 파주시 파평면
ro435,포천,예술정원1999 자연예술테마파크,경기 포천시 신북면 아트밸리로 184-1 · 한국관광공사 연관 관광지 · 카카오 좌표,1,0,,경기도,MATCH_CANDIDATE,1,경기도 포천시 신북면
ro436,단양,다누리아쿠아리움,충북 단양군 단양읍 수변로 111 · 한국관광공사 연관 관광지 · 카카오 좌표,1,0,,충청북도,MATCH_CANDIDATE,1,충청북도 단양군 단양읍
ro437,서울,한성백제박물관,서울 송파구 위례성대로 71 · 한국관광공사 연관 관광지 · 카카오 좌표,0,0,,서울특별시,NO_EXACT_MUNICIPALITY_TOWNSHIP_TOKENS,0,
ro438,서울,4.19학생혁명기념탑,서울 강북구 4.19로8길 17 · 한국관광공사 연관 관광지 · 카카오 좌표,0,0,,서울특별시,NO_EXACT_MUNICIPALITY_TOWNSHIP_TOKENS,0,
ro439,서울,광나루한강공원,서울 강동구 천호동 481-9 · 한국관광공사 연관 관광지 · 카카오 좌표,0,0,,서울특별시,NO_EXACT_MUNICIPALITY_TOWNSHIP_TOKENS,0,
ro440,서울,이촌한강공원,서울 용산구 이촌로72길 62 · 한국관광공사 연관 관광지 · 카카오 좌표,0,0,,서울특별시,NO_EXACT_MUNICIPALITY_TOWNSHIP_TOKENS,0,
ro441,서울,청와대 사랑채,서울 종로구 효자로13길 45 · 한국관광공사 연관 관광지 · 카카오 좌표,0,0,,서울특별시,NO_EXACT_MUNICIPALITY_TOWNSHIP_TOKENS,0,
ro442,부산,더베이101,부산 해운대구 동백로 52 · 한국관광공사 연관 관광지 · 카카오 좌표,0,0,,부산광역시,NO_EXACT_MUNICIPALITY_TOWNSHIP_TOKENS,0,
ro443,부산,삼광사,부산 부산진구 초읍천로43번길 77 · 한국관광공사 연관 관광지 · 카카오 좌표,0,0,,부산광역시,NO_EXACT_MUNICIPALITY_TOWNSHIP_TOKENS,0,
ro444,부산,아홉산숲,부산 기장군 철마면 미동길 37-1 · 한국관광공사 연관 관광지 · 카카오 좌표,1,0,,부산광역시,MATCH_CANDIDATE,1,부산광역시 기장군 철마면
ro445,파주,심학산 약천사,경기 파주시 교하로681번길 118 · 한국관광공사 연관 관광지 · 카카오 좌표,0,0,,경기도,NO_EXACT_MUNICIPALITY_TOWNSHIP_TOKENS,0,
ro446,양주,국립아세안자연휴양림,경기 양주시 백석읍 기산로 472 · 한국관광공사 연관 관광지 · 카카오 좌표,1,0,,경기도,MATCH_CANDIDATE,1,경기도 양주시 백석읍
ro447,파주,한국근현대사박물관,경기 파주시 탄현면 헤이리마을길 59-85 · 한국관광공사 연관 관광지 · 카카오 좌표,1,0,,경기도,MATCH_CANDIDATE,1,경기도 파주시 탄현면
ro448,서산,용현계곡,충남 서산시 운산면 용현리 · 한국관광공사 연관 관광지 · 카카오 좌표,1,0,,충청남도,MATCH_CANDIDATE,1,충청남도 서산시 운산면
ro449,원주,원주자유시장번영회 영선반,강원특별자치도 원주시 중앙시장길 11 · 한국관광공사 연관 관광지 · 카카오 좌표,0,0,,강원특별자치도,NO_EXACT_MUNICIPALITY_TOWNSHIP_TOKENS,0,
ro450,양주,헤세의정원,경기 양주시 장흥면 호국로550번길 111 · 한국관광공사 연관 관광지 · 카카오 좌표,1,0,,경기도,MATCH_CANDIDATE,1,경기도 양주시 장흥면
ro451,전주,전주왱이콩나물국밥전문점,전북특별자치도 전주시 완산구 동문길 88 · 한국관광공사 연관 관광지 · 카카오 좌표,0,0,,전북특별자치도,NO_EXACT_MUNICIPALITY_TOWNSHIP_TOKENS,0,
ro452,대전,원조태평소국밥 본관,대전 유성구 온천동로65번길 50 · 한국관광공사 연관 관광지 · 카카오 좌표,0,0,,대전광역시,NO_EXACT_MUNICIPALITY_TOWNSHIP_TOKENS,0,
ro453,용인,라임그라스,경기 용인시 처인구 양지읍 한터로 529-9 · 한국관광공사 연관 관광지 · 카카오 좌표,1,0,,경기도,MATCH_CANDIDATE,1,경기도 용인시 처인구 양지읍
ro454,전주,고궁 전주본점,전북특별자치도 전주시 덕진구 송천중앙로 33 · 한국관광공사 연관 관광지 · 카카오 좌표,0,0,,전북특별자치도,NO_EXACT_MUNICIPALITY_TOWNSHIP_TOKENS,0,
ro455,철원,리버포레스트카페&해오름가든,강원특별자치도 철원군 동송읍 창동로 2364 · 한국관광공사 연관 관광지 · 카카오 좌표,1,0,,강원특별자치도,MATCH_CANDIDATE,1,강원특별자치도 철원군 동송읍
ro456,인천,송도토스트국수,인천 연수구 청량로 163 · 한국관광공사 연관 관광지 · 카카오 좌표,0,0,,인천광역시,NO_EXACT_MUNICIPALITY_TOWNSHIP_TOKENS,0,
ro457,청송,원조신촌식당,경북 청송군 진보면 신촌약수길 18 · 한국관광공사 연관 관광지 · 카카오 좌표,1,0,,경상북도,MATCH_CANDIDATE,1,경상북도 청송군 진보면
ro458,영주,녹스고지,경북 영주시 두서길87번길 38 · 한국관광공사 연관 관광지 · 카카오 좌표,0,0,,경상북도,NO_EXACT_MUNICIPALITY_TOWNSHIP_TOKENS,0,
ro459,거창,도감어가,경남 거창군 위천면 금원산길 166 · 한국관광공사 연관 관광지 · 카카오 좌표,1,0,,경상남도,MATCH_CANDIDATE,1,경상남도 거창군 위천면
ro460,울릉,카페울라,경북 울릉군 북면 추산길 187 · 한국관광공사 연관 관광지 · 카카오 좌표,1,0,,경상북도,MATCH_CANDIDATE,1,경상북도 울릉군 북면
ro461,봉화,봉화한약우프라자,경북 봉화군 봉성면 농업인길 47 · 한국관광공사 연관 관광지 · 카카오 좌표,1,0,,경상북도,MATCH_CANDIDATE,1,경상북도 봉화군 봉성면
ro462,여주,감성식탁,경기 여주시 주내로 58 · 한국관광공사 연관 관광지 · 카카오 좌표,0,0,,경기도,NO_EXACT_MUNICIPALITY_TOWNSHIP_TOKENS,0,
ro463,가평,설악막국수 춘천닭갈비 별관,경기 가평군 설악면 신천중앙로 161 · 한국관광공사 연관 관광지 · 카카오 좌표,1,0,,경기도,MATCH_CANDIDATE,1,경기도 가평군 설악면
ro464,보성,청광도예원,전남광주통합특별시 보성군 보성읍 사동길 52-11 · 한국관광공사 연관 관광지 · 카카오 좌표,1,0,,전남광주통합특별시,MATCH_CANDIDATE,1,전남광주통합특별시 보성군 보성읍
ro465,서울,원조호수삼계탕 본점,서울 영등포구 도림로 276 · 한국관광공사 연관 관광지 · 카카오 좌표,0,0,,서울특별시,NO_EXACT_MUNICIPALITY_TOWNSHIP_TOKENS,0,
ro468,서울,돈까스잔치 동빙고점,서울 용산구 서빙고로 297 · 한국관광공사 연관 관광지 · 카카오 좌표,0,0,,서울특별시,NO_EXACT_MUNICIPALITY_TOWNSHIP_TOKENS,0,
ro469,서울,쌍다리돼지불백 본점,서울 성북구 성북로23길 4 · 한국관광공사 연관 관광지 · 카카오 좌표,0,0,,서울특별시,NO_EXACT_MUNICIPALITY_TOWNSHIP_TOKENS,0,
ro470,서울,임병주 산동칼국수,서울 서초구 강남대로37길 65 · 한국관광공사 연관 관광지 · 카카오 좌표,0,0,,서울특별시,NO_EXACT_MUNICIPALITY_TOWNSHIP_TOKENS,0,
ro471,부산,영진돼지국밥 본점,부산 사하구 하신번영로157번길 39 · 한국관광공사 연관 관광지 · 카카오 좌표,0,0,,부산광역시,NO_EXACT_MUNICIPALITY_TOWNSHIP_TOKENS,0,
ro472,수원,수원화성 팔달문,경기 수원시 팔달구 정조로 780 · 한국관광공사 연관 관광지 · 카카오 좌표,0,0,,경기도,NO_EXACT_MUNICIPALITY_TOWNSHIP_TOKENS,0,
ro473,청송,달기약수터,경북 청송군 청송읍 약수길 16 · 한국관광공사 연관 관광지 · 카카오 좌표,1,0,,경상북도,MATCH_CANDIDATE,1,경상북도 청송군 청송읍
ro474,정선,강원랜드,강원특별자치도 정선군 사북읍 하이원길 265 · 한국관광공사 연관 관광지 · 카카오 좌표,1,0,,강원특별자치도,MATCH_CANDIDATE,1,강원특별자치도 정선군 사북읍
ro475,정선,로미지안가든,강원특별자치도 정선군 북평면 어래길 20 · 한국관광공사 연관 관광지 · 카카오 좌표,1,0,,강원특별자치도,MATCH_CANDIDATE,1,강원특별자치도 정선군 북평면
ro476,청주,국립청주박물관,충북 청주시 상당구 명암로 143 · 한국관광공사 연관 관광지 · 카카오 좌표,0,0,,충청북도,NO_EXACT_MUNICIPALITY_TOWNSHIP_TOKENS,0,
ro477,용인,호암미술관,경기 용인시 처인구 포곡읍 에버랜드로562번길 38 · 한국관광공사 연관 관광지 · 카카오 좌표,1,0,,경기도,MATCH_CANDIDATE,1,경기도 용인시 처인구 포곡읍
ro478,철원,철원역사문화공원,강원특별자치도 철원군 철원읍 사요리 366-1 · 한국관광공사 연관 관광지 · 카카오 좌표,1,0,,강원특별자치도,MATCH_CANDIDATE,1,강원특별자치도 철원군 철원읍
ro479,청주,옥화자연휴양림,충북 청주시 상당구 미원면 운암옥화길 140 · 한국관광공사 연관 관광지 · 카카오 좌표,1,0,,충청북도,MATCH_CANDIDATE,1,충청북도 청주시 상당구 미원면
ro480,보성,벌교시장,전남광주통합특별시 보성군 벌교읍 벌교천1길 15 · 한국관광공사 연관 관광지 · 카카오 좌표,1,0,,전남광주통합특별시,MATCH_CANDIDATE,1,전남광주통합특별시 보성군 벌교읍
ro481,인천,솔찬공원,인천 연수구 컨벤시아대로391번길 20 · 한국관광공사 연관 관광지 · 카카오 좌표,0,0,,인천광역시,NO_EXACT_MUNICIPALITY_TOWNSHIP_TOKENS,0,
ro482,인천,롱비치파크,인천 연수구 송도동 308-2 · 한국관광공사 연관 관광지 · 카카오 좌표,0,0,,인천광역시,NO_EXACT_MUNICIPALITY_TOWNSHIP_TOKENS,0,
ro483,진주,초전공원,경남 진주시 초전동 1583-40 · 한국관광공사 연관 관광지 · 카카오 좌표,0,0,,경상남도,NO_EXACT_MUNICIPALITY_TOWNSHIP_TOKENS,0,
ro484,진주,지수승산부자마을,경남 진주시 지수면 지수로 506 · 한국관광공사 연관 관광지 · 카카오 좌표,1,0,,경상남도,MATCH_CANDIDATE,1,경상남도 진주시 지수면
ro485,안동,안동소주전통음식박물관,경북 안동시 강남로 71-1 · 한국관광공사 연관 관광지 · 카카오 좌표,0,0,,경상북도,NO_EXACT_MUNICIPALITY_TOWNSHIP_TOKENS,0,
ro486,산청,대원사,경남 산청군 삼장면 대원사길 455 · 한국관광공사 연관 관광지 · 카카오 좌표,1,0,,경상남도,MATCH_CANDIDATE,1,경상남도 산청군 삼장면
ro487,울릉,학포항,경북 울릉군 서면 태하리 593 · 한국관광공사 연관 관광지 · 카카오 좌표,1,0,,경상북도,MATCH_CANDIDATE,1,경상북도 울릉군 서면
ro488,춘천,의암호스카이워크,강원특별자치도 춘천시 칠전동 468-1 · 한국관광공사 연관 관광지 · 카카오 좌표,0,0,,강원특별자치도,NO_EXACT_MUNICIPALITY_TOWNSHIP_TOKENS,0,
ro489,춘천,춘천중도물레길,강원특별자치도 춘천시 스포츠타운길223번길 95 · 한국관광공사 연관 관광지 · 카카오 좌표,0,0,,강원특별자치도,NO_EXACT_MUNICIPALITY_TOWNSHIP_TOKENS,0,
ro490,울릉,사동항(울릉도),경북 울릉군 울릉읍 울릉순환로 755 · 한국관광공사 연관 관광지 · 카카오 좌표,1,0,,경상북도,MATCH_CANDIDATE,1,경상북도 울릉군 울릉읍
ro491,함양,함양대봉산휴양밸리 대봉스카이랜드,경남 함양군 병곡면 병곡지곡로 331 · 한국관광공사 연관 관광지 · 카카오 좌표,1,0,,경상남도,MATCH_CANDIDATE,1,경상남도 함양군 병곡면
ro492,울릉,내수전몽돌해변,경북 울릉군 울릉읍 저동리 10-5 · 한국관광공사 연관 관광지 · 카카오 좌표,1,0,,경상북도,MATCH_CANDIDATE,1,경상북도 울릉군 울릉읍
ro493,울릉,천부항,경북 울릉군 북면 천부리 · 한국관광공사 연관 관광지 · 카카오 좌표,1,0,,경상북도,MATCH_CANDIDATE,1,경상북도 울릉군 북면
ro494,남원,인월시장,전북특별자치도 남원시 인월면 인월로 65-3 · 한국관광공사 연관 관광지 · 카카오 좌표,1,0,,전북특별자치도,MATCH_CANDIDATE,1,전북특별자치도 남원시 인월면
ro495,아산,모나밸리,충남 아산시 순천향로 624 · 한국관광공사 연관 관광지 · 카카오 좌표,0,0,,충청남도,NO_EXACT_MUNICIPALITY_TOWNSHIP_TOKENS,0,
ro496,천안,천안홍대용과학관,충남 천안시 동남구 수신면 장산서길 113 · 한국관광공사 연관 관광지 · 카카오 좌표,1,0,,충청남도,MATCH_CANDIDATE,1,충청남도 천안시 동남구 수신면
ro497,천안,아름다운정원 화수목,충남 천안시 동남구 목천읍 교천지산길 175 · 한국관광공사 연관 관광지 · 카카오 좌표,1,0,,충청남도,MATCH_CANDIDATE,1,충청남도 천안시 동남구 목천읍
ro498,울산,작천정계곡,울산 울주군 삼남읍 교동리 · 한국관광공사 연관 관광지 · 카카오 좌표,1,0,,울산광역시,MATCH_CANDIDATE,1,울산광역시 울주군 삼남읍
ro499,용인,경기도어린이박물관,경기 용인시 기흥구 상갈로 6 · 한국관광공사 연관 관광지 · 카카오 좌표,0,0,,경기도,NO_EXACT_MUNICIPALITY_TOWNSHIP_TOKENS,0,
ro501,용인,삼성화재 모빌리티뮤지엄,경기 용인시 처인구 포곡읍 에버랜드로376번길 171 · 한국관광공사 연관 관광지 · 카카오 좌표,1,0,,경기도,MATCH_CANDIDATE,1,경기도 용인시 처인구 포곡읍
ro502,양산,홍룡사,경남 양산시 상북면 홍룡로 372 · 한국관광공사 연관 관광지 · 카카오 좌표,1,0,,경상남도,MATCH_CANDIDATE,1,경상남도 양산시 상북면
ro503,양평,양평군립미술관,경기 양평군 양평읍 문화복지길 2 · 한국관광공사 연관 관광지 · 카카오 좌표,1,0,,경기도,MATCH_CANDIDATE,1,경기도 양평군 양평읍
ro504,여주,여주곤충박물관,경기 여주시 명성로 114-146 · 한국관광공사 연관 관광지 · 카카오 좌표,0,0,,경기도,NO_EXACT_MUNICIPALITY_TOWNSHIP_TOKENS,0,
ro505,고양,아쿠아플라넷 일산,경기 고양시 일산서구 한류월드로 282 · 한국관광공사 연관 관광지 · 카카오 좌표,0,0,,경기도,NO_EXACT_MUNICIPALITY_TOWNSHIP_TOKENS,0,
ro506,여주,국가유산청 궁능유적본부 세종대왕유적관리소,경기 여주시 세종대왕면 영릉로 269-10 · 한국관광공사 연관 관광지 · 카카오 좌표,1,0,,경기도,MATCH_CANDIDATE,1,경기도 여주시 세종대왕면
ro507,함양,용추계곡,경남 함양군 안의면 상원리 산 16-3 · 한국관광공사 연관 관광지 · 카카오 좌표,1,0,,경상남도,MATCH_CANDIDATE,1,경상남도 함양군 안의면
ro508,익산,국립익산박물관,전북특별자치도 익산시 금마면 미륵사지로 362 · 한국관광공사 연관 관광지 · 카카오 좌표,1,0,,전북특별자치도,MATCH_CANDIDATE,1,전북특별자치도 익산시 금마면
ro509,고창,넓은들 학원농장,전북특별자치도 고창군 공음면 학원농장길 150 · 한국관광공사 연관 관광지 · 카카오 좌표,1,0,,전북특별자치도,MATCH_CANDIDATE,1,전북특별자치도 고창군 공음면
ro510,단양,구인사,충북 단양군 영춘면 구인사길 73 · 한국관광공사 연관 관광지 · 카카오 좌표,1,0,,충청북도,MATCH_CANDIDATE,1,충청북도 단양군 영춘면
ro511,인제,국립방태산자연휴양림,강원특별자치도 인제군 기린면 방동리 산 282-1 · 한국관광공사 연관 관광지 · 카카오 좌표,1,0,,강원특별자치도,MATCH_CANDIDATE,1,강원특별자치도 인제군 기린면
ro512,서울,영등포전통시장,서울 영등포구 영등포동2가 30-1 · 한국관광공사 연관 관광지 · 카카오 좌표,0,0,,서울특별시,NO_EXACT_MUNICIPALITY_TOWNSHIP_TOKENS,0,
ro513,서울,망원한강공원,서울 마포구 마포나루길 467 · 한국관광공사 연관 관광지 · 카카오 좌표,0,0,,서울특별시,NO_EXACT_MUNICIPALITY_TOWNSHIP_TOKENS,0,
ro514,서울,난지한강공원,서울 마포구 상암동 495-72 · 한국관광공사 연관 관광지 · 카카오 좌표,1,0,,서울특별시,MATCH_CANDIDATE,1,서울특별시 마포구 상암동
ro515,서울,금남시장,서울 성동구 독서당로 303-7 · 한국관광공사 연관 관광지 · 카카오 좌표,0,0,,서울특별시,NO_EXACT_MUNICIPALITY_TOWNSHIP_TOKENS,0,
ro516,파주,뮤지엄헤이,경기 파주시 탄현면 평화로 885-43 · 한국관광공사 연관 관광지 · 카카오 좌표,1,0,,경기도,MATCH_CANDIDATE,1,경기도 파주시 탄현면
ro517,부산,동부산우체국,부산 동구 조방로 15 · 한국관광공사 연관 관광지 · 카카오 좌표,0,0,,부산광역시,NO_EXACT_MUNICIPALITY_TOWNSHIP_TOKENS,0,
ro518,부산,피아크,부산 영도구 해양로195번길 180 · 한국관광공사 연관 관광지 · 카카오 좌표,0,0,,부산광역시,NO_EXACT_MUNICIPALITY_TOWNSHIP_TOKENS,0,
ro519,양주,일영유원지,경기 양주시 장흥면 일영로502번길 222-68 · 한국관광공사 연관 관광지 · 카카오 좌표,1,0,,경기도,MATCH_CANDIDATE,1,경기도 양주시 장흥면
ro520,원주,원주 강원감영,강원특별자치도 원주시 원일로 77 · 한국관광공사 연관 관광지 · 카카오 좌표,0,0,,강원특별자치도,NO_EXACT_MUNICIPALITY_TOWNSHIP_TOKENS,0,
ro521,서산,국립용현자연휴양림,충남 서산시 운산면 마애삼존불길 339 · 한국관광공사 연관 관광지 · 카카오 좌표,1,0,,충청남도,MATCH_CANDIDATE,1,충청남도 서산시 운산면
ro522,하동,스타웨이하동,경남 하동군 악양면 섬진강대로 3358-110 · 한국관광공사 연관 관광지 · 카카오 좌표,1,0,,경상남도,MATCH_CANDIDATE,1,경상남도 하동군 악양면
ro523,용인,포레스트아웃팅스 용인점,경기 용인시 기흥구 농서로 4 · 한국관광공사 연관 관광지 · 카카오 좌표,0,0,,경기도,NO_EXACT_MUNICIPALITY_TOWNSHIP_TOKENS,0,
ro525,김해,팥고방,경남 김해시 대청계곡길 44-13 · 한국관광공사 연관 관광지 · 카카오 좌표,0,0,,경상남도,NO_EXACT_MUNICIPALITY_TOWNSHIP_TOKENS,0,
ro526,철원,솔향기,강원특별자치도 철원군 동송읍 금학로 31-10 · 한국관광공사 연관 관광지 · 카카오 좌표,1,0,,강원특별자치도,MATCH_CANDIDATE,1,강원특별자치도 철원군 동송읍
ro527,대구,신천궁전떡볶이,대구 수성구 국채보상로162길 72 · 한국관광공사 연관 관광지 · 카카오 좌표,0,0,,대구광역시,NO_EXACT_MUNICIPALITY_TOWNSHIP_TOKENS,0,
ro528,영주,한결청국장,경북 영주시 풍기읍 인삼로 1-1 · 한국관광공사 연관 관광지 · 카카오 좌표,1,0,,경상북도,MATCH_CANDIDATE,1,경상북도 영주시 풍기읍
ro529,창녕,대중분식당,경남 창녕군 창녕읍 창녕대로 27 · 한국관광공사 연관 관광지 · 카카오 좌표,1,0,,경상남도,MATCH_CANDIDATE,1,경상남도 창녕군 창녕읍
ro530,창원,스타벅스 창원마창대교점,경남 창원시 성산구 삼귀로 159 · 한국관광공사 연관 관광지 · 카카오 좌표,0,0,,경상남도,NO_EXACT_MUNICIPALITY_TOWNSHIP_TOKENS,0,
ro531,김해,대청마루카페사계,경남 김해시 대청계곡길 313-21 · 한국관광공사 연관 관광지 · 카카오 좌표,0,0,,경상남도,NO_EXACT_MUNICIPALITY_TOWNSHIP_TOKENS,0,
ro533,정읍,양자강,전북특별자치도 정읍시 우암로 57 · 한국관광공사 연관 관광지 · 카카오 좌표,0,0,,전북특별자치도,NO_EXACT_MUNICIPALITY_TOWNSHIP_TOKENS,0,
ro534,함안,아라가야 함안점,경남 함안군 가야읍 중앙남길 19 · 한국관광공사 연관 관광지 · 카카오 좌표,1,0,,경상남도,MATCH_CANDIDATE,1,경상남도 함안군 가야읍
ro535,서울,스타벅스 구의DT점,서울 광진구 광나루로 519 · 한국관광공사 연관 관광지 · 카카오 좌표,0,0,,서울특별시,NO_EXACT_MUNICIPALITY_TOWNSHIP_TOKENS,0,
ro537,예산,백설농부,충남 예산군 봉산면 봉산로 516 · 한국관광공사 연관 관광지 · 카카오 좌표,1,0,,충청남도,MATCH_CANDIDATE,1,충청남도 예산군 봉산면
ro538,서울,감나무집기사식당,서울 마포구 연남로 23 · 한국관광공사 연관 관광지 · 카카오 좌표,0,0,,서울특별시,NO_EXACT_MUNICIPALITY_TOWNSHIP_TOKENS,0,
ro539,단양,보리곳간,충북 단양군 가곡면 사평3길 6-1 · 한국관광공사 연관 관광지 · 카카오 좌표,1,0,,충청북도,MATCH_CANDIDATE,1,충청북도 단양군 가곡면
ro541,부산,춘하추동밀면 서면본점,부산 부산진구 서면문화로 48-1 · 한국관광공사 연관 관광지 · 카카오 좌표,0,0,,부산광역시,NO_EXACT_MUNICIPALITY_TOWNSHIP_TOKENS,0,
ro542,대전,엑스포과학공원,대전 유성구 대덕대로 480 · 한국관광공사 연관 관광지 · 카카오 좌표,0,0,,대전광역시,NO_EXACT_MUNICIPALITY_TOWNSHIP_TOKENS,0,
ro543,수원,권선종합시장,경기 수원시 권선구 세권로 185 · 한국관광공사 연관 관광지 · 카카오 좌표,0,0,,경기도,NO_EXACT_MUNICIPALITY_TOWNSHIP_TOKENS,0,
ro544,용인,용인농촌테마파크,경기 용인시 처인구 원삼면 농촌파크로 80-1 · 한국관광공사 연관 관광지 · 카카오 좌표,1,0,,경기도,MATCH_CANDIDATE,1,경기도 용인시 처인구 원삼면
ro545,창원,명서전통시장,경남 창원시 의창구 원이대로189번길 37-3 · 한국관광공사 연관 관광지 · 카카오 좌표,0,0,,경상남도,NO_EXACT_MUNICIPALITY_TOWNSHIP_TOKENS,0,
ro546,충주,충주탄금공원(구 세계무술공원),충북 충주시 남한강로 38 · 한국관광공사 연관 관광지 · 카카오 좌표,0,0,,충청북도,NO_EXACT_MUNICIPALITY_TOWNSHIP_TOKENS,0,
ro547,단양,시루섬,충북 단양군 단양읍 증도리 2-1 · 한국관광공사 연관 관광지 · 카카오 좌표,1,0,,충청북도,MATCH_CANDIDATE,1,충청북도 단양군 단양읍
ro548,양산,내원사계곡,경남 양산시 하북면 용연리 · 한국관광공사 연관 관광지 · 카카오 좌표,1,0,,경상남도,MATCH_CANDIDATE,1,경상남도 양산시 하북면
ro549,청주,대청댐전망대,충북 청주시 상당구 문의면 대청호반로 206 · 한국관광공사 연관 관광지 · 카카오 좌표,1,0,,충청북도,MATCH_CANDIDATE,1,충청북도 청주시 상당구 문의면
ro550,청주,명암저수지,충북 청주시 상당구 용담동 324-1 · 한국관광공사 연관 관광지 · 카카오 좌표,0,0,,충청북도,NO_EXACT_MUNICIPALITY_TOWNSHIP_TOKENS,0,
ro551,전주,한국도로공사 전주수목원,전북특별자치도 전주시 덕진구 번영로 462-45 · 한국관광공사 연관 관광지 · 카카오 좌표,0,0,,전북특별자치도,NO_EXACT_MUNICIPALITY_TOWNSHIP_TOKENS,0,
ro552,전주,전주월드컵경기장,전북특별자치도 전주시 덕진구 기린대로 1055 · 한국관광공사 연관 관광지 · 카카오 좌표,0,0,,전북특별자치도,NO_EXACT_MUNICIPALITY_TOWNSHIP_TOKENS,0,
ro553,인천,송도컨벤시아,인천 연수구 센트럴로 123 · 한국관광공사 연관 관광지 · 카카오 좌표,0,0,,인천광역시,NO_EXACT_MUNICIPALITY_TOWNSHIP_TOKENS,0,
ro554,인천,구월동로데오거리,인천 남동구 구월동 1409-25 · 한국관광공사 연관 관광지 · 카카오 좌표,0,0,,인천광역시,NO_EXACT_MUNICIPALITY_TOWNSHIP_TOKENS,0,
ro555,순천,아랫장,전남광주통합특별시 순천시 장평로 60 · 한국관광공사 연관 관광지 · 카카오 좌표,0,0,,전남광주통합특별시,NO_EXACT_MUNICIPALITY_TOWNSHIP_TOKENS,0,
ro556,인천,모래내시장,인천 남동구 구월동 1323-5 · 한국관광공사 연관 관광지 · 카카오 좌표,0,0,,인천광역시,NO_EXACT_MUNICIPALITY_TOWNSHIP_TOKENS,0,
ro558,안동,안동호 선성수상길,경북 안동시 도산면 서부리 172 · 한국관광공사 연관 관광지 · 카카오 좌표,1,0,,경상북도,MATCH_CANDIDATE,1,경상북도 안동시 도산면
ro559,인제,백담계곡,강원특별자치도 인제군 북면 용대리 산 12-21 · 한국관광공사 연관 관광지 · 카카오 좌표,1,0,,강원특별자치도,MATCH_CANDIDATE,1,강원특별자치도 인제군 북면
ro560,안동,체화정,경북 안동시 풍산읍 풍산태사로 1123-10 · 한국관광공사 연관 관광지 · 카카오 좌표,1,0,,경상북도,MATCH_CANDIDATE,1,경상북도 안동시 풍산읍
ro561,춘천,국립춘천박물관,강원특별자치도 춘천시 우석로 70 · 한국관광공사 연관 관광지 · 카카오 좌표,0,0,,강원특별자치도,NO_EXACT_MUNICIPALITY_TOWNSHIP_TOKENS,0,
ro562,화순,남산공원,전남광주통합특별시 화순군 화순읍 삼천리 · 한국관광공사 연관 관광지 · 카카오 좌표,1,0,,전남광주통합특별시,MATCH_CANDIDATE,1,전남광주통합특별시 화순군 화순읍
ro563,창녕,창녕박물관,경남 창녕군 창녕읍 창밀로 34 · 한국관광공사 연관 관광지 · 카카오 좌표,1,0,,경상남도,MATCH_CANDIDATE,1,경상남도 창녕군 창녕읍
ro564,거창,백두산천지온천,경남 거창군 가조면 온천길 161 · 한국관광공사 연관 관광지 · 카카오 좌표,1,0,,경상남도,MATCH_CANDIDATE,1,경상남도 거창군 가조면
ro565,화순,동구리호수공원,전남광주통합특별시 화순군 화순읍 동구리 · 한국관광공사 연관 관광지 · 카카오 좌표,1,0,,전남광주통합특별시,MATCH_CANDIDATE,1,전남광주통합특별시 화순군 화순읍
ro566,밀양,용두산달팽이전망대,경남 밀양시 가곡동 산 58 · 한국관광공사 연관 관광지 · 카카오 좌표,1,0,,경상남도,MATCH_CANDIDATE,1,경상남도 밀양시 가곡동
ro567,천안,천안상록리조트 아쿠아피아,충남 천안시 동남구 수신면 수신로 576 · 한국관광공사 연관 관광지 · 카카오 좌표,1,0,,충청남도,MATCH_CANDIDATE,1,충청남도 천안시 동남구 수신면
ro568,창원,삼밀사,경남 창원시 진해구 장복산길 56-42 · 한국관광공사 연관 관광지 · 카카오 좌표,0,0,,경상남도,NO_EXACT_MUNICIPALITY_TOWNSHIP_TOKENS,0,
ro569,담양,담양온천,전남광주통합특별시 담양군 금성면 금성산성길 202 · 한국관광공사 연관 관광지 · 카카오 좌표,1,0,,전남광주통합특별시,MATCH_CANDIDATE,1,전남광주통합특별시 담양군 금성면
ro571,포천,국립운악산자연휴양림,경기 포천시 화현면 화현리 산 190 · 한국관광공사 연관 관광지 · 카카오 좌표,1,0,,경기도,MATCH_CANDIDATE,1,경기도 포천시 화현면
ro572,경기광주,중대물빛공원,경기 광주시 중대동 92 · 한국관광공사 연관 관광지 · 카카오 좌표,0,0,,경기도,NO_EXACT_MUNICIPALITY_TOWNSHIP_TOKENS,0,
ro573,완도,완도청해진유적,전남광주통합특별시 완도군 완도읍 장좌리 734 · 한국관광공사 연관 관광지 · 카카오 좌표,1,0,,전남광주통합특별시,MATCH_CANDIDATE,1,전남광주통합특별시 완도군 완도읍
ro574,양평,더마구,경기 양평군 서종면 사랑제길 11-107 · 한국관광공사 연관 관광지 · 카카오 좌표,1,0,,경기도,MATCH_CANDIDATE,1,경기도 양평군 서종면
ro575,여주,한강문화관,경기 여주시 신단1길 83 · 한국관광공사 연관 관광지 · 카카오 좌표,0,0,,경기도,NO_EXACT_MUNICIPALITY_TOWNSHIP_TOKENS,0,
ro576,이천,테르메덴,경기 이천시 모가면 사실로 984 · 한국관광공사 연관 관광지 · 카카오 좌표,1,0,,경기도,MATCH_CANDIDATE,1,경기도 이천시 모가면
ro577,이천,이천설봉온천랜드,경기 이천시 애련정로 67-16 · 한국관광공사 연관 관광지 · 카카오 좌표,0,0,,경기도,NO_EXACT_MUNICIPALITY_TOWNSHIP_TOKENS,0,
ro578,예산,예당호 전망대,충남 예산군 응봉면 예당관광로 159-22 · 한국관광공사 연관 관광지 · 카카오 좌표,1,0,,충청남도,MATCH_CANDIDATE,1,충청남도 예산군 응봉면
ro579,함안,악양둑방,경남 함안군 법수면 악양길 49-10 · 한국관광공사 연관 관광지 · 카카오 좌표,1,0,,경상남도,MATCH_CANDIDATE,1,경상남도 함안군 법수면
ro580,인제,방동약수,강원특별자치도 인제군 기린면 방동약수로 89-59 · 한국관광공사 연관 관광지 · 카카오 좌표,1,0,,강원특별자치도,MATCH_CANDIDATE,1,강원특별자치도 인제군 기린면
ro581,단양,단양강잔도,충북 단양군 적성면 애곡리 · 한국관광공사 연관 관광지 · 카카오 좌표,1,0,,충청북도,MATCH_CANDIDATE,1,충청북도 단양군 적성면
ro582,서울,코엑스마곡 컨벤션센터,서울 강서구 마곡중앙로 143 · 한국관광공사 연관 관광지 · 카카오 좌표,0,0,,서울특별시,NO_EXACT_MUNICIPALITY_TOWNSHIP_TOKENS,0,
ro583,서울,퐁피두센터 한화,서울 영등포구 63로 50 · 한국관광공사 연관 관광지 · 카카오 좌표,0,0,,서울특별시,NO_EXACT_MUNICIPALITY_TOWNSHIP_TOKENS,0,
ro584,예산,윤봉길의사기념관,충남 예산군 덕산면 덕산온천로 183-5 · 한국관광공사 연관 관광지 · 카카오 좌표,1,0,,충청남도,MATCH_CANDIDATE,1,충청남도 예산군 덕산면
ro585,서울,서울상상나라,서울 광진구 능동로 216 · 한국관광공사 연관 관광지 · 카카오 좌표,0,0,,서울특별시,NO_EXACT_MUNICIPALITY_TOWNSHIP_TOKENS,0,
ro586,서울,더숲아카데미하우스,서울 강북구 4.19로 135 · 한국관광공사 연관 관광지 · 카카오 좌표,0,0,,서울특별시,NO_EXACT_MUNICIPALITY_TOWNSHIP_TOKENS,0,
ro587,서울,김창열화가의집,서울 종로구 평창7길 74 · 한국관광공사 연관 관광지 · 카카오 좌표,0,0,,서울특별시,NO_EXACT_MUNICIPALITY_TOWNSHIP_TOKENS,0,
ro588,서울,블루스퀘어,서울 용산구 이태원로 294 · 한국관광공사 연관 관광지 · 카카오 좌표,0,0,,서울특별시,NO_EXACT_MUNICIPALITY_TOWNSHIP_TOKENS,0,
ro589,서울,마장축산물시장,서울 성동구 마장로35길 68 · 한국관광공사 연관 관광지 · 카카오 좌표,0,0,,서울특별시,NO_EXACT_MUNICIPALITY_TOWNSHIP_TOKENS,0,
ro590,서울,도산근린공원,서울 강남구 신사동 649-9 · 한국관광공사 연관 관광지 · 카카오 좌표,1,0,,서울특별시,MATCH_CANDIDATE,1,서울특별시 강남구 신사동
ro591,부산,서원시장,부산 동래구 충렬대로359번길 55 · 한국관광공사 연관 관광지 · 카카오 좌표,0,0,,부산광역시,NO_EXACT_MUNICIPALITY_TOWNSHIP_TOKENS,0,
ro592,부산,민락회타운시장,부산 수영구 민락수변로 1 · 한국관광공사 연관 관광지 · 카카오 좌표,0,0,,부산광역시,NO_EXACT_MUNICIPALITY_TOWNSHIP_TOKENS,0,
ro593,원주,오크밸리CC,강원특별자치도 원주시 지정면 월송석화로 950 · 한국관광공사 연관 관광지 · 카카오 좌표,1,0,,강원특별자치도,MATCH_CANDIDATE,1,강원특별자치도 원주시 지정면
ro594,원주,오크밸리리조트 빌리지센터,강원특별자치도 원주시 지정면 오크밸리1길 70 · 한국관광공사 연관 관광지 · 카카오 좌표,1,0,,강원특별자치도,MATCH_CANDIDATE,1,강원특별자치도 원주시 지정면
ro595,합천,금관식당,경남 합천군 가야면 가야산로 1065 · 한국관광공사 연관 관광지 · 카카오 좌표,1,0,,경상남도,MATCH_CANDIDATE,1,경상남도 합천군 가야면
ro596,고성,군령포 하모자연산횟집,경남 고성군 삼산면 두포5길 426 · 한국관광공사 연관 관광지 · 카카오 좌표,1,0,,경상남도,MATCH_CANDIDATE,1,경상남도 고성군 삼산면
ro597,문경,뉴욕제과,경북 문경시 산북면 금천로 557 · 한국관광공사 연관 관광지 · 카카오 좌표,1,0,,경상북도,MATCH_CANDIDATE,1,경상북도 문경시 산북면
ro598,함안,대구식당,경남 함안군 함안면 진함로 1553 · 한국관광공사 연관 관광지 · 카카오 좌표,1,0,,경상남도,MATCH_CANDIDATE,1,경상남도 함안군 함안면
ro599,밀양,달리아커피 단장면,경남 밀양시 단장면 표충로 290 · 한국관광공사 연관 관광지 · 카카오 좌표,1,0,,경상남도,MATCH_CANDIDATE,1,경상남도 밀양시 단장면
ro600,용인,어로프슬라이스피스,경기 용인시 처인구 백령로 47 · 한국관광공사 연관 관광지 · 카카오 좌표,0,0,,경기도,NO_EXACT_MUNICIPALITY_TOWNSHIP_TOKENS,0,
ro601,창원,시티베이,경남 창원시 마산회원구 무역로 111 · 한국관광공사 연관 관광지 · 카카오 좌표,0,0,,경상남도,NO_EXACT_MUNICIPALITY_TOWNSHIP_TOKENS,0,
ro602,서산,진국집,충남 서산시 관아문길 19-10 · 한국관광공사 연관 관광지 · 카카오 좌표,0,0,,충청남도,NO_EXACT_MUNICIPALITY_TOWNSHIP_TOKENS,0,
ro603,서산,냉면만허유,충남 서산시 부석면 취평2길 15-10 · 한국관광공사 연관 관광지 · 카카오 좌표,1,0,,충청남도,MATCH_CANDIDATE,1,충청남도 서산시 부석면
ro604,양산,순지카페,경남 양산시 하북면 양산대로 2648 · 한국관광공사 연관 관광지 · 카카오 좌표,1,0,,경상남도,MATCH_CANDIDATE,1,경상남도 양산시 하북면
ro605,고양,배다골베이커리 포레,경기 고양시 덕양구 충장로 614-11 · 한국관광공사 연관 관광지 · 카카오 좌표,0,0,,경기도,NO_EXACT_MUNICIPALITY_TOWNSHIP_TOKENS,0,
ro606,고양,고자리냉면 본점,경기 고양시 덕양구 호국로 915-45 · 한국관광공사 연관 관광지 · 카카오 좌표,0,0,,경기도,NO_EXACT_MUNICIPALITY_TOWNSHIP_TOKENS,0,
ro607,서울,어나더사이드,서울 강서구 강서로 318 · 한국관광공사 연관 관광지 · 카카오 좌표,0,0,,서울특별시,NO_EXACT_MUNICIPALITY_TOWNSHIP_TOKENS,0,
ro608,서울,함경도찹쌀순대,서울 송파구 송파대로28길 32 · 한국관광공사 연관 관광지 · 카카오 좌표,0,0,,서울특별시,NO_EXACT_MUNICIPALITY_TOWNSHIP_TOKENS,0,
ro609,서울,스타벅스 연희DT점,서울 서대문구 연희로 144 · 한국관광공사 연관 관광지 · 카카오 좌표,0,0,,서울특별시,NO_EXACT_MUNICIPALITY_TOWNSHIP_TOKENS,0,
ro610,부산,해운대기와집대구탕,부산 해운대구 달맞이길50번길 4 · 한국관광공사 연관 관광지 · 카카오 좌표,0,0,,부산광역시,NO_EXACT_MUNICIPALITY_TOWNSHIP_TOKENS,0,
ro611,거창,허브팜민들레울,경남 거창군 북상면 덕유월성로 2188 · 한국관광공사 연관 관광지 · 카카오 좌표,1,0,,경상남도,MATCH_CANDIDATE,1,경상남도 거창군 북상면
ro612,대전,대전컨벤션센터,대전 유성구 엑스포로 107 · 한국관광공사 연관 관광지 · 카카오 좌표,0,0,,대전광역시,NO_EXACT_MUNICIPALITY_TOWNSHIP_TOKENS,0,
ro613,대전,중리전통시장,대전 대덕구 중리북로31번길 26 · 한국관광공사 연관 관광지 · 카카오 좌표,0,0,,대전광역시,NO_EXACT_MUNICIPALITY_TOWNSHIP_TOKENS,0,
ro614,수원,수원컨벤션센터,경기 수원시 영통구 광교중앙로 140 · 한국관광공사 연관 관광지 · 카카오 좌표,0,0,,경기도,NO_EXACT_MUNICIPALITY_TOWNSHIP_TOKENS,0,
ro615,양산,양산타워,경남 양산시 동면 강변로 264 · 한국관광공사 연관 관광지 · 카카오 좌표,1,0,,경상남도,MATCH_CANDIDATE,1,경상남도 양산시 동면
ro616,수원,구매탄시장,경기 수원시 영통구 매탄동 172-128 · 한국관광공사 연관 관광지 · 카카오 좌표,0,0,,경기도,NO_EXACT_MUNICIPALITY_TOWNSHIP_TOKENS,0,
ro617,수원,북수원온천,경기 수원시 장안구 서부로 2139 · 한국관광공사 연관 관광지 · 카카오 좌표,0,0,,경기도,NO_EXACT_MUNICIPALITY_TOWNSHIP_TOKENS,0,
ro618,수원,화서시장,경기 수원시 팔달구 동말로 72 · 한국관광공사 연관 관광지 · 카카오 좌표,0,0,,경기도,NO_EXACT_MUNICIPALITY_TOWNSHIP_TOKENS,0,
ro619,수원,방화수류정,경기 수원시 팔달구 화성성곽길 233 · 한국관광공사 연관 관광지 · 카카오 좌표,0,0,,경기도,NO_EXACT_MUNICIPALITY_TOWNSHIP_TOKENS,0,
ro620,대구,수성유원지,대구 수성구 무학로 78 · 한국관광공사 연관 관광지 · 카카오 좌표,0,0,,대구광역시,NO_EXACT_MUNICIPALITY_TOWNSHIP_TOKENS,0,
ro622,완주,전북특별자치도립미술관,전북특별자치도 완주군 구이면 모악산길 111-6 · 한국관광공사 연관 관광지 · 카카오 좌표,1,0,,전북특별자치도,MATCH_CANDIDATE,1,전북특별자치도 완주군 구이면
ro623,대구,수성시장,대구 수성구 들안로 285-50 · 한국관광공사 연관 관광지 · 카카오 좌표,0,0,,대구광역시,NO_EXACT_MUNICIPALITY_TOWNSHIP_TOKENS,0,
ro624,인천,토지금고시장,인천 미추홀구 낙섬중로32번길 21 · 한국관광공사 연관 관광지 · 카카오 좌표,0,0,,인천광역시,NO_EXACT_MUNICIPALITY_TOWNSHIP_TOKENS,0,
ro625,인천,신기시장,인천 미추홀구 주안동 1340-60 · 한국관광공사 연관 관광지 · 카카오 좌표,0,0,,인천광역시,NO_EXACT_MUNICIPALITY_TOWNSHIP_TOKENS,0,
ro626,봉화,청량사 유리보전,경북 봉화군 명호면 청량산길 199-152 · 한국관광공사 연관 관광지 · 카카오 좌표,1,0,,경상북도,MATCH_CANDIDATE,1,경상북도 봉화군 명호면
ro627,인천,인스파이어 아레나,인천 영종구 공항문화로 127 · 한국관광공사 연관 관광지 · 카카오 좌표,0,0,,인천광역시,NO_EXACT_MUNICIPALITY_TOWNSHIP_TOKENS,0,
ro628,담양,딜라이트 담양,전남광주통합특별시 담양군 월산면 화방송정길 21-14 · 한국관광공사 연관 관광지 · 카카오 좌표,1,0,,전남광주통합특별시,MATCH_CANDIDATE,1,전남광주통합특별시 담양군 월산면
ro629,인천,인천도시역사관,인천 연수구 인천타워대로 238 · 한국관광공사 연관 관광지 · 카카오 좌표,0,0,,인천광역시,NO_EXACT_MUNICIPALITY_TOWNSHIP_TOKENS,0,
ro630,영주,선비세상,경북 영주시 순흥면 선비세상로 1 · 한국관광공사 연관 관광지 · 카카오 좌표,1,0,,경상북도,MATCH_CANDIDATE,1,경상북도 영주시 순흥면
ro631,문경,문경에코월드,경북 문경시 가은읍 왕능길 114 · 한국관광공사 연관 관광지 · 카카오 좌표,1,0,,경상북도,MATCH_CANDIDATE,1,경상북도 문경시 가은읍
ro632,함양,농월정,경남 함양군 안의면 농월정길 9-13 · 한국관광공사 연관 관광지 · 카카오 좌표,1,0,,경상남도,MATCH_CANDIDATE,1,경상남도 함양군 안의면
ro633,전주,전주난장,전북특별자치도 전주시 완산구 동문길 33-20 · 한국관광공사 연관 관광지 · 카카오 좌표,0,0,,전북특별자치도,NO_EXACT_MUNICIPALITY_TOWNSHIP_TOKENS,0,
ro634,울산,울산암각화박물관,울산 울주군 두동면 반구대안길 254 · 한국관광공사 연관 관광지 · 카카오 좌표,1,0,,울산광역시,MATCH_CANDIDATE,1,울산광역시 울주군 두동면
ro635,무주,백련사,전북특별자치도 무주군 설천면 백련사길 580 · 한국관광공사 연관 관광지 · 카카오 좌표,1,0,,전북특별자치도,MATCH_CANDIDATE,1,전북특별자치도 무주군 설천면
ro636,남원,춘향골 공설시장,전북특별자치도 남원시 의총로 51 · 한국관광공사 연관 관광지 · 카카오 좌표,0,0,,전북특별자치도,NO_EXACT_MUNICIPALITY_TOWNSHIP_TOKENS,0,
ro637,창원,안민고개 만남전망대,경남 창원시 진해구 석동 산 12-1 · 한국관광공사 연관 관광지 · 카카오 좌표,1,0,,경상남도,MATCH_CANDIDATE,1,경상남도 창원시 진해구 석동
ro638,용인,법륜사,경기 용인시 처인구 원삼면 농촌파크로 126 · 한국관광공사 연관 관광지 · 카카오 좌표,1,0,,경기도,MATCH_CANDIDATE,1,경기도 용인시 처인구 원삼면
ro639,창원,안민고개 벚꽃길,경남 창원시 성산구 안민동 산 1-12 · 한국관광공사 연관 관광지 · 카카오 좌표,0,0,,경상남도,NO_EXACT_MUNICIPALITY_TOWNSHIP_TOKENS,0,
ro640,창원,불모산노을전망대,경남 창원시 진해구 소사동 산 24 · 한국관광공사 연관 관광지 · 카카오 좌표,0,0,,경상남도,NO_EXACT_MUNICIPALITY_TOWNSHIP_TOKENS,0,
ro641,창원,창원축구센터,경남 창원시 성산구 비음로 97 · 한국관광공사 연관 관광지 · 카카오 좌표,0,0,,경상남도,NO_EXACT_MUNICIPALITY_TOWNSHIP_TOKENS,0,
ro642,함안,입곡군립공원,경남 함안군 산인면 입곡리 · 한국관광공사 연관 관광지 · 카카오 좌표,1,0,,경상남도,MATCH_CANDIDATE,1,경상남도 함안군 산인면
ro643,밀양,금시당유원지,경남 밀양시 활성동 · 한국관광공사 연관 관광지 · 카카오 좌표,0,0,,경상남도,NO_EXACT_MUNICIPALITY_TOWNSHIP_TOKENS,0,
ro644,김해,김해시립김영원미술관,경남 김해시 가야로 243 · 한국관광공사 연관 관광지 · 카카오 좌표,0,0,,경상남도,NO_EXACT_MUNICIPALITY_TOWNSHIP_TOKENS,0,
ro645,정읍,정읍시립박물관,전북특별자치도 정읍시 내장산로 370-12 · 한국관광공사 연관 관광지 · 카카오 좌표,0,0,,전북특별자치도,NO_EXACT_MUNICIPALITY_TOWNSHIP_TOKENS,0,
ro646,양산,임경대,경남 양산시 원동면 화제리 산 72-4 · 한국관광공사 연관 관광지 · 카카오 좌표,1,0,,경상남도,MATCH_CANDIDATE,1,경상남도 양산시 원동면
ro647,단양,보발재전망대,충북 단양군 영춘면 백자리 산 26-7 · 한국관광공사 연관 관광지 · 카카오 좌표,1,0,,충청북도,MATCH_CANDIDATE,1,충청북도 단양군 영춘면
ro648,양평,양수리전통시장,경기 양평군 양서면 양수리 1060 · 한국관광공사 연관 관광지 · 카카오 좌표,1,0,,경기도,MATCH_CANDIDATE,1,경기도 양평군 양서면
ro649,완도,완도항 제3부두,전남광주통합특별시 완도군 완도읍 군내리 1255-8 · 한국관광공사 연관 관광지 · 카카오 좌표,1,0,,전남광주통합특별시,MATCH_CANDIDATE,1,전남광주통합특별시 완도군 완도읍
ro650,가평,가평군어린이음악놀이터,경기 가평군 가평읍 중앙로 10 · 한국관광공사 연관 관광지 · 카카오 좌표,1,0,,경기도,MATCH_CANDIDATE,1,경기도 가평군 가평읍
ro651,남양주,다산생태공원,경기 남양주시 조안면 다산로 767 · 한국관광공사 연관 관광지 · 카카오 좌표,1,0,,경기도,MATCH_CANDIDATE,1,경기도 남양주시 조안면
ro652,함양,지리산함양시장,경남 함양군 함양읍 용평중앙길 20 · 한국관광공사 연관 관광지 · 카카오 좌표,1,0,,경상남도,MATCH_CANDIDATE,1,경상남도 함양군 함양읍
ro653,여주,여주박물관,경기 여주시 신륵사길 6-12 · 한국관광공사 연관 관광지 · 카카오 좌표,0,0,,경기도,NO_EXACT_MUNICIPALITY_TOWNSHIP_TOKENS,0,
ro654,거창,거창전통시장,경남 거창군 거창읍 중앙로 140 · 한국관광공사 연관 관광지 · 카카오 좌표,1,0,,경상남도,MATCH_CANDIDATE,1,경상남도 거창군 거창읍
ro655,상주,장각폭포,경북 상주시 화북면 상오리 · 한국관광공사 연관 관광지 · 카카오 좌표,1,0,,경상북도,MATCH_CANDIDATE,1,경상북도 상주시 화북면
ro656,장성,남창계곡,전남광주통합특별시 장성군 북하면 신성리 742 · 한국관광공사 연관 관광지 · 카카오 좌표,1,0,,전남광주통합특별시,MATCH_CANDIDATE,1,전남광주통합특별시 장성군 북하면
ro657,익산,미륵사지석탑,전북특별자치도 익산시 금마면 기양리 97 · 한국관광공사 연관 관광지 · 카카오 좌표,1,0,,전북특별자치도,MATCH_CANDIDATE,1,전북특별자치도 익산시 금마면
ro658,포천,천보산자연휴양림,경기 포천시 원동교길 309 · 한국관광공사 연관 관광지 · 카카오 좌표,0,0,,경기도,NO_EXACT_MUNICIPALITY_TOWNSHIP_TOKENS,0,
ro659,고양,행주산성,경기 고양시 덕양구 행주로15번길 89 · 한국관광공사 연관 관광지 · 카카오 좌표,0,0,,경기도,NO_EXACT_MUNICIPALITY_TOWNSHIP_TOKENS,0,
ro660,인제,십이선녀탕계곡,강원특별자치도 인제군 북면 용대리 · 한국관광공사 연관 관광지 · 카카오 좌표,1,0,,강원특별자치도,MATCH_CANDIDATE,1,강원특별자치도 인제군 북면
ro661,서울,진관사,서울 은평구 진관길 73 · 한국관광공사 연관 관광지 · 카카오 좌표,0,0,,서울특별시,NO_EXACT_MUNICIPALITY_TOWNSHIP_TOKENS,0,
ro662,서울,신창시장,서울 도봉구 덕릉로57길 17 · 한국관광공사 연관 관광지 · 카카오 좌표,0,0,,서울특별시,NO_EXACT_MUNICIPALITY_TOWNSHIP_TOKENS,0,
ro663,서울,우림시장,서울 중랑구 망우로62길 48 · 한국관광공사 연관 관광지 · 카카오 좌표,0,0,,서울특별시,NO_EXACT_MUNICIPALITY_TOWNSHIP_TOKENS,0,
ro665,서울,초안산 수국동산,서울 노원구 월계로45가길 57 · 한국관광공사 연관 관광지 · 카카오 좌표,0,0,,서울특별시,NO_EXACT_MUNICIPALITY_TOWNSHIP_TOKENS,0,
ro666,서울,서울스카이,서울 송파구 올림픽로 300 · 한국관광공사 연관 관광지 · 카카오 좌표,0,0,,서울특별시,NO_EXACT_MUNICIPALITY_TOWNSHIP_TOKENS,0,
ro667,부산,홍법사,부산 금정구 두구로33번길 202 · 한국관광공사 연관 관광지 · 카카오 좌표,0,0,,부산광역시,NO_EXACT_MUNICIPALITY_TOWNSHIP_TOKENS,0,
ro668,당진,한진포구 전망대,충남 당진시 송악읍 한진리 · 한국관광공사 연관 관광지 · 카카오 좌표,1,0,,충청남도,MATCH_CANDIDATE,1,충청남도 당진시 송악읍
ro669,고양,원당시장,경기 고양시 덕양구 성사동 709 · 한국관광공사 연관 관광지 · 카카오 좌표,0,0,,경기도,NO_EXACT_MUNICIPALITY_TOWNSHIP_TOKENS,0,
ro670,서산,보원사지 오층석탑,충남 서산시 운산면 용현리 119-1 · 한국관광공사 연관 관광지 · 카카오 좌표,1,0,,충청남도,MATCH_CANDIDATE,1,충청남도 서산시 운산면
ro671,서울,은평한옥마을,서울 은평구 연서로50길 7-10 · 한국관광공사 연관 관광지 · 카카오 좌표,0,0,,서울특별시,NO_EXACT_MUNICIPALITY_TOWNSHIP_TOKENS,0,
ro672,용인,호수앉기,경기 용인시 기흥구 한일로15번길 33 · 한국관광공사 연관 관광지 · 카카오 좌표,0,0,,경기도,NO_EXACT_MUNICIPALITY_TOWNSHIP_TOKENS,0,
ro673,수원,진미통닭,경기 수원시 팔달구 정조로800번길 21 · 한국관광공사 연관 관광지 · 카카오 좌표,0,0,,경기도,NO_EXACT_MUNICIPALITY_TOWNSHIP_TOKENS,0,
ro674,충주,원조중앙탑막국수 충주단월점,충북 충주시 중원대로 3018 · 한국관광공사 연관 관광지 · 카카오 좌표,0,0,,충청북도,NO_EXACT_MUNICIPALITY_TOWNSHIP_TOKENS,0,
ro675,보은,일상화글램핑,충북 보은군 산외면 성암가고로 235-6 · 한국관광공사 연관 관광지 · 카카오 좌표,1,0,,충청북도,MATCH_CANDIDATE,1,충청북도 보은군 산외면
ro676,대구,아페산,대구 달서구 앞산순환로 221 · 한국관광공사 연관 관광지 · 카카오 좌표,0,0,,대구광역시,NO_EXACT_MUNICIPALITY_TOWNSHIP_TOKENS,0,
ro677,봉화,비진숲커피,경북 봉화군 상운면 예봉로 1573-33 · 한국관광공사 연관 관광지 · 카카오 좌표,1,0,,경상북도,MATCH_CANDIDATE,1,경상북도 봉화군 상운면
ro678,합천,적사부,경남 합천군 합천읍 동서로 74 · 한국관광공사 연관 관광지 · 카카오 좌표,1,0,,경상남도,MATCH_CANDIDATE,1,경상남도 합천군 합천읍
ro679,창원,바다아라,경남 창원시 진해구 청안로 76 · 한국관광공사 연관 관광지 · 카카오 좌표,0,0,,경상남도,NO_EXACT_MUNICIPALITY_TOWNSHIP_TOKENS,0,
ro680,정읍,대일정,전북특별자치도 정읍시 태인면 수학정석길 3 · 한국관광공사 연관 관광지 · 카카오 좌표,1,0,,전북특별자치도,MATCH_CANDIDATE,1,전북특별자치도 정읍시 태인면
ro681,함양,카페오도재,경남 함양군 마천면 지리산가는길 534 · 한국관광공사 연관 관광지 · 카카오 좌표,1,0,,경상남도,MATCH_CANDIDATE,1,경상남도 함양군 마천면
ro682,장성,알콩달콩,전남광주통합특별시 장성군 북하면 약수2길 27 · 한국관광공사 연관 관광지 · 카카오 좌표,1,0,,전남광주통합특별시,MATCH_CANDIDATE,1,전남광주통합특별시 장성군 북하면
ro683,서울,서일순대국 별관,서울 동작구 여의대방로24길 16 · 한국관광공사 연관 관광지 · 카카오 좌표,0,0,,서울특별시,NO_EXACT_MUNICIPALITY_TOWNSHIP_TOKENS,0,
ro685,부산,남천리녹차팥빙수,부산 수영구 수영로394번길 29 · 한국관광공사 연관 관광지 · 카카오 좌표,0,0,,부산광역시,NO_EXACT_MUNICIPALITY_TOWNSHIP_TOKENS,0,
ro686,부산,국제밀면 본점,부산 연제구 중앙대로1235번길 23-6 · 한국관광공사 연관 관광지 · 카카오 좌표,0,0,,부산광역시,NO_EXACT_MUNICIPALITY_TOWNSHIP_TOKENS,0,
ro687,부산,리초야 밀락더마켓점,부산 수영구 민락수변로17번길 56 · 한국관광공사 연관 관광지 · 카카오 좌표,0,0,,부산광역시,NO_EXACT_MUNICIPALITY_TOWNSHIP_TOKENS,0,
ro688,부산,이재모피자 명지대방점,부산 강서구 명지국제6로 107 · 한국관광공사 연관 관광지 · 카카오 좌표,0,0,,부산광역시,NO_EXACT_MUNICIPALITY_TOWNSHIP_TOKENS,0,
ro689,서울,서울물빛나루 1호 홍제천 카페폭포,서울 서대문구 연희로 262-24 · 한국관광공사 연관 관광지 · 카카오 좌표,0,0,,서울특별시,NO_EXACT_MUNICIPALITY_TOWNSHIP_TOKENS,0,
ro690,대전,대전컨벤션센터 제2전시장,대전 유성구 엑스포로 87 · 한국관광공사 연관 관광지 · 카카오 좌표,0,0,,대전광역시,NO_EXACT_MUNICIPALITY_TOWNSHIP_TOKENS,0,
ro691,충주,수주팔봉,충북 충주시 살미면 토계리 · 한국관광공사 연관 관광지 · 카카오 좌표,1,0,,충청북도,MATCH_CANDIDATE,1,충청북도 충주시 살미면
ro693,용인,기흥호수공원,경기 용인시 기흥구 하갈동 127 · 한국관광공사 연관 관광지 · 카카오 좌표,0,0,,경기도,NO_EXACT_MUNICIPALITY_TOWNSHIP_TOKENS,0,
ro694,충주,계명산자연휴양림,충북 충주시 충주호수로 1170 · 한국관광공사 연관 관광지 · 카카오 좌표,0,0,,충청북도,NO_EXACT_MUNICIPALITY_TOWNSHIP_TOKENS,0,
ro695,수원,수원박물관,경기 수원시 영통구 창룡대로 265 · 한국관광공사 연관 관광지 · 카카오 좌표,0,0,,경기도,NO_EXACT_MUNICIPALITY_TOWNSHIP_TOKENS,0,
ro696,충주,충주자유시장,충북 충주시 충인6길 16 · 한국관광공사 연관 관광지 · 카카오 좌표,0,0,,충청북도,NO_EXACT_MUNICIPALITY_TOWNSHIP_TOKENS,0,
ro697,대전,대전시립박물관,대전 유성구 도안대로 398 · 한국관광공사 연관 관광지 · 카카오 좌표,0,0,,대전광역시,NO_EXACT_MUNICIPALITY_TOWNSHIP_TOKENS,0,
ro698,보은,말티재 전망대,충북 보은군 장안면 장재리 산 4-14 · 한국관광공사 연관 관광지 · 카카오 좌표,1,0,,충청북도,MATCH_CANDIDATE,1,충청북도 보은군 장안면
ro699,청주,수암골전망대,충북 청주시 상당구 수동 81-245 · 한국관광공사 연관 관광지 · 카카오 좌표,0,0,,충청북도,NO_EXACT_MUNICIPALITY_TOWNSHIP_TOKENS,0,
ro700,전주,금성당,전북특별자치도 전주시 완산구 전라감영4길 13-7 · 한국관광공사 연관 관광지 · 카카오 좌표,0,0,,전북특별자치도,NO_EXACT_MUNICIPALITY_TOWNSHIP_TOKENS,0,
ro701,익산,백제왕궁박물관,전북특별자치도 익산시 왕궁면 궁성로 666 · 한국관광공사 연관 관광지 · 카카오 좌표,1,0,,전북특별자치도,MATCH_CANDIDATE,1,전북특별자치도 익산시 왕궁면
ro702,평창,흥정계곡,강원특별자치도 평창군 봉평면 흥정리 · 한국관광공사 연관 관광지 · 카카오 좌표,1,0,,강원특별자치도,MATCH_CANDIDATE,1,강원특별자치도 평창군 봉평면
ro703,인천,인천SSG랜더스필드,인천 미추홀구 매소홀로 618 · 한국관광공사 연관 관광지 · 카카오 좌표,0,0,,인천광역시,NO_EXACT_MUNICIPALITY_TOWNSHIP_TOKENS,0,
ro704,보성,주월산패러글라이딩장,전남광주통합특별시 보성군 겸백면 수남리 산 2-2 · 한국관광공사 연관 관광지 · 카카오 좌표,1,0,,전남광주통합특별시,MATCH_CANDIDATE,1,전남광주통합특별시 보성군 겸백면
ro705,인천,신도,인천 옹진군 북도면 신도리 · 한국관광공사 연관 관광지 · 카카오 좌표,1,0,,인천광역시,MATCH_CANDIDATE,1,인천광역시 옹진군 북도면
ro706,인천,인천광역시립박물관,인천 연수구 청량로160번길 26 · 한국관광공사 연관 관광지 · 카카오 좌표,0,0,,인천광역시,NO_EXACT_MUNICIPALITY_TOWNSHIP_TOKENS,0,
ro707,장흥,정남진 장흥 물축제,전남광주통합특별시 장흥군 장흥읍 건산리 805 · 한국관광공사 연관 관광지 · 카카오 좌표,1,0,,전남광주통합특별시,MATCH_CANDIDATE,1,전남광주통합특별시 장흥군 장흥읍
ro708,인천,화도진공원,인천 제물포구 화도진로 114 · 한국관광공사 연관 관광지 · 카카오 좌표,0,0,,인천광역시,NO_EXACT_MUNICIPALITY_TOWNSHIP_TOKENS,0,
ro709,인천,영종씨사이드 레일바이크,인천 영종구 구읍로 75 · 한국관광공사 연관 관광지 · 카카오 좌표,0,0,,인천광역시,NO_EXACT_MUNICIPALITY_TOWNSHIP_TOKENS,0,
ro710,산청,정취암,경남 산청군 신등면 둔철산로 675-87 · 한국관광공사 연관 관광지 · 카카오 좌표,1,0,,경상남도,MATCH_CANDIDATE,1,경상남도 산청군 신등면
ro711,인천,시도,인천 옹진군 북도면 시도리 · 한국관광공사 연관 관광지 · 카카오 좌표,1,0,,인천광역시,MATCH_CANDIDATE,1,인천광역시 옹진군 북도면
ro712,영주,여우생태관찰원,경북 영주시 순흥면 소백로2481번길 33 · 한국관광공사 연관 관광지 · 카카오 좌표,1,0,,경상북도,MATCH_CANDIDATE,1,경상북도 영주시 순흥면
ro713,인천,수기해수욕장,인천 옹진군 북도면 시도리 · 한국관광공사 연관 관광지 · 카카오 좌표,1,0,,인천광역시,MATCH_CANDIDATE,1,인천광역시 옹진군 북도면
ro714,청송,대전사,경북 청송군 주왕산면 공원길 226 · 한국관광공사 연관 관광지 · 카카오 좌표,1,0,,경상북도,MATCH_CANDIDATE,1,경상북도 청송군 주왕산면
ro715,창녕,창녕교동과송현동고분군,경남 창녕군 창녕읍 교리 124 · 한국관광공사 연관 관광지 · 카카오 좌표,1,0,,경상남도,MATCH_CANDIDATE,1,경상남도 창녕군 창녕읍
ro716,진안,마이산 탑사,전북특별자치도 진안군 마령면 마이산남로 367 · 한국관광공사 연관 관광지 · 카카오 좌표,1,0,,전북특별자치도,MATCH_CANDIDATE,1,전북특별자치도 진안군 마령면
ro717,홍성,홍성전통시장,충남 홍성군 홍성읍 홍성천길 242 · 한국관광공사 연관 관광지 · 카카오 좌표,1,0,,충청남도,MATCH_CANDIDATE,1,충청남도 홍성군 홍성읍
ro718,창원,가포수변공원,경남 창원시 마산합포구 가포로 441-57 · 한국관광공사 연관 관광지 · 카카오 좌표,0,0,,경상남도,NO_EXACT_MUNICIPALITY_TOWNSHIP_TOKENS,0,
ro719,창원,창원국제사격장,경남 창원시 의창구 사림로99번길 63 · 한국관광공사 연관 관광지 · 카카오 좌표,0,0,,경상남도,NO_EXACT_MUNICIPALITY_TOWNSHIP_TOKENS,0,
ro720,김해,수안마을회관,경남 김해시 대동면 대동로 132 · 한국관광공사 연관 관광지 · 카카오 좌표,1,0,,경상남도,MATCH_CANDIDATE,1,경상남도 김해시 대동면
ro721,장성,홍길동테마파크,전남광주통합특별시 장성군 황룡면 아곡리 373 · 한국관광공사 연관 관광지 · 카카오 좌표,1,0,,전남광주통합특별시,MATCH_CANDIDATE,1,전남광주통합특별시 장성군 황룡면
ro722,창원,진해루해변공원,경남 창원시 진해구 경화동 · 한국관광공사 연관 관광지 · 카카오 좌표,1,0,,경상남도,MATCH_CANDIDATE,1,경상남도 창원시 진해구 경화동
ro723,정읍,내장사,전북특별자치도 정읍시 내장산로 1253 · 한국관광공사 연관 관광지 · 카카오 좌표,0,0,,전북특별자치도,NO_EXACT_MUNICIPALITY_TOWNSHIP_TOKENS,0,
ro724,포천,제일유황온천,경기 포천시 일동면 화동로 1210 · 한국관광공사 연관 관광지 · 카카오 좌표,1,0,,경기도,MATCH_CANDIDATE,1,경기도 포천시 일동면
ro725,양산,극락암,경남 양산시 하북면 통도사로 108 · 한국관광공사 연관 관광지 · 카카오 좌표,1,0,,경상남도,MATCH_CANDIDATE,1,경상남도 양산시 하북면
ro726,포천,도마치계곡,경기 포천시 이동면 도평리 산 140-1 · 한국관광공사 연관 관광지 · 카카오 좌표,1,0,,경기도,MATCH_CANDIDATE,1,경기도 포천시 이동면
ro727,경기광주,팔당전망대,경기 광주시 남종면 산수로 1692 · 한국관광공사 연관 관광지 · 카카오 좌표,1,0,,경기도,MATCH_CANDIDATE,1,경기도 광주시 남종면
ro728,여주,여주시립 폰박물관,경기 여주시 강변유원지길 105 · 한국관광공사 연관 관광지 · 카카오 좌표,0,0,,경기도,NO_EXACT_MUNICIPALITY_TOWNSHIP_TOKENS,0,
ro729,가평,명지계곡,경기 가평군 북면 도대리 623 · 한국관광공사 연관 관광지 · 카카오 좌표,1,0,,경기도,MATCH_CANDIDATE,1,경기도 가평군 북면
ro731,함양,지안재,경남 함양군 함양읍 구룡리 산 119-3 · 한국관광공사 연관 관광지 · 카카오 좌표,1,0,,경상남도,MATCH_CANDIDATE,1,경상남도 함양군 함양읍
ro732,담양,담양관방제림,전남광주통합특별시 담양군 담양읍 객사리 1 · 한국관광공사 연관 관광지 · 카카오 좌표,1,0,,전남광주통합특별시,MATCH_CANDIDATE,1,전남광주통합특별시 담양군 담양읍
ro733,담양,플레이펫,전남광주통합특별시 담양군 담양읍 죽향대로 1290 · 한국관광공사 연관 관광지 · 카카오 좌표,1,0,,전남광주통합특별시,MATCH_CANDIDATE,1,전남광주통합특별시 담양군 담양읍
ro734,창녕,창녕영산만년교,경남 창녕군 영산면 동리 433 · 한국관광공사 연관 관광지 · 카카오 좌표,1,0,,경상남도,MATCH_CANDIDATE,1,경상남도 창녕군 영산면
ro735,상주,파머스룸 치유농장,경북 상주시 초산3길 22-4 · 한국관광공사 연관 관광지 · 카카오 좌표,0,0,,경상북도,NO_EXACT_MUNICIPALITY_TOWNSHIP_TOKENS,0,
ro736,화순,화순고인돌전통시장,전남광주통합특별시 화순군 화순읍 시장길 42 · 한국관광공사 연관 관광지 · 카카오 좌표,1,0,,전남광주통합특별시,MATCH_CANDIDATE,1,전남광주통합특별시 화순군 화순읍
ro737,장성,국립장성치유의숲,전남광주통합특별시 장성군 서삼면 추암로 716 · 한국관광공사 연관 관광지 · 카카오 좌표,1,0,,전남광주통합특별시,MATCH_CANDIDATE,1,전남광주통합특별시 장성군 서삼면
ro738,화순,숲속유원지,전남광주통합특별시 화순군 한천면 동산1길 68 · 한국관광공사 연관 관광지 · 카카오 좌표,1,0,,전남광주통합특별시,MATCH_CANDIDATE,1,전남광주통합특별시 화순군 한천면
ro739,이천,이천시립박물관,경기 이천시 경충대로2697번길 172 · 한국관광공사 연관 관광지 · 카카오 좌표,0,0,,경기도,NO_EXACT_MUNICIPALITY_TOWNSHIP_TOKENS,0,
ro740,고성,고성탈박물관,경남 고성군 고성읍 율대2길 23 · 한국관광공사 연관 관광지 · 카카오 좌표,1,0,,경상남도,MATCH_CANDIDATE,1,경상남도 고성군 고성읍
ro741,서울,용양봉저정공원,서울 동작구 본동 산 3-9 · 한국관광공사 연관 관광지 · 카카오 좌표,0,0,,서울특별시,NO_EXACT_MUNICIPALITY_TOWNSHIP_TOKENS,0,
ro742,완도,화흥포항 대합실,전남광주통합특별시 완도군 완도읍 화흥포길 242 · 한국관광공사 연관 관광지 · 카카오 좌표,1,0,,전남광주통합특별시,MATCH_CANDIDATE,1,전남광주통합특별시 완도군 완도읍
ro743,서울,대림시장,서울 은평구 응암로4길 22 · 한국관광공사 연관 관광지 · 카카오 좌표,0,0,,서울특별시,NO_EXACT_MUNICIPALITY_TOWNSHIP_TOKENS,0,
ro744,홍성,용봉산자연휴양림,충남 홍성군 홍북읍 용봉산2길 87 · 한국관광공사 연관 관광지 · 카카오 좌표,1,0,,충청남도,MATCH_CANDIDATE,1,충청남도 홍성군 홍북읍
ro745,서울,보라매공원,서울 동작구 신대방동 722 · 한국관광공사 연관 관광지 · 카카오 좌표,0,0,,서울특별시,NO_EXACT_MUNICIPALITY_TOWNSHIP_TOKENS,0,
ro747,서울,용산용문시장,서울 용산구 효창원로40길 13 · 한국관광공사 연관 관광지 · 카카오 좌표,0,0,,서울특별시,NO_EXACT_MUNICIPALITY_TOWNSHIP_TOKENS,0,
ro748,부산,태종사,부산 영도구 전망로 119 · 한국관광공사 연관 관광지 · 카카오 좌표,0,0,,부산광역시,NO_EXACT_MUNICIPALITY_TOWNSHIP_TOKENS,0,
ro749,서울,명일전통시장 청춘마켓,서울 강동구 명일동 324-20 · 한국관광공사 연관 관광지 · 카카오 좌표,0,0,,서울특별시,NO_EXACT_MUNICIPALITY_TOWNSHIP_TOKENS,0,
ro750,부산,개금골목시장,부산 부산진구 냉정로 227-1 · 한국관광공사 연관 관광지 · 카카오 좌표,0,0,,부산광역시,NO_EXACT_MUNICIPALITY_TOWNSHIP_TOKENS,0,
ro751,서울,강서별빛우주과학관,서울 강서구 금낭화로 178 · 한국관광공사 연관 관광지 · 카카오 좌표,0,0,,서울특별시,NO_EXACT_MUNICIPALITY_TOWNSHIP_TOKENS,0,
ro752,부산,당감새시장,부산 부산진구 동평로 112 · 한국관광공사 연관 관광지 · 카카오 좌표,0,0,,부산광역시,NO_EXACT_MUNICIPALITY_TOWNSHIP_TOKENS,0,
ro753,서울,서울물재생체험관,서울 강서구 마곡동 1142 · 한국관광공사 연관 관광지 · 카카오 좌표,0,0,,서울특별시,NO_EXACT_MUNICIPALITY_TOWNSHIP_TOKENS,0,
ro754,부산,장림포구,부산 사하구 장림로93번길 72 · 한국관광공사 연관 관광지 · 카카오 좌표,0,0,,부산광역시,NO_EXACT_MUNICIPALITY_TOWNSHIP_TOKENS,0,
ro755,부산,칠암방파제,부산 기장군 일광읍 칠암리 · 한국관광공사 연관 관광지 · 카카오 좌표,1,0,,부산광역시,MATCH_CANDIDATE,1,부산광역시 기장군 일광읍
ro756,부산,신평소공원,부산 기장군 일광읍 신평리 11-1 · 한국관광공사 연관 관광지 · 카카오 좌표,1,0,,부산광역시,MATCH_CANDIDATE,1,부산광역시 기장군 일광읍
ro757,부산,충렬사,부산 동래구 충렬대로 345 · 한국관광공사 연관 관광지 · 카카오 좌표,0,0,,부산광역시,NO_EXACT_MUNICIPALITY_TOWNSHIP_TOKENS,0,
ro759,횡성,국립청태산자연휴양림,강원특별자치도 횡성군 둔내면 청태산로 610 · 한국관광공사 연관 관광지 · 카카오 좌표,1,0,,강원특별자치도,MATCH_CANDIDATE,1,강원특별자치도 횡성군 둔내면
ro760,부산,민락어민활어직판장,부산 수영구 광안해변로312번길 60 · 한국관광공사 연관 관광지 · 카카오 좌표,0,0,,부산광역시,NO_EXACT_MUNICIPALITY_TOWNSHIP_TOKENS,0,
ro761,부산,감지해변,부산 영도구 동삼동 · 한국관광공사 연관 관광지 · 카카오 좌표,0,0,,부산광역시,NO_EXACT_MUNICIPALITY_TOWNSHIP_TOKENS,0,
ro762,부산,F1963,부산 수영구 구락로123번길 20 · 한국관광공사 연관 관광지 · 카카오 좌표,0,0,,부산광역시,NO_EXACT_MUNICIPALITY_TOWNSHIP_TOKENS,0,
ro763,부산,중리바닷가,부산 영도구 동삼동 · 한국관광공사 연관 관광지 · 카카오 좌표,0,0,,부산광역시,NO_EXACT_MUNICIPALITY_TOWNSHIP_TOKENS,0,
ro764,양주,장흥자생수목원,경기 양주시 장흥면 석현리 산 161-3 · 한국관광공사 연관 관광지 · 카카오 좌표,1,0,,경기도,MATCH_CANDIDATE,1,경기도 양주시 장흥면
ro765,하동,하동군지리산생태과학관,경남 하동군 악양면 섬진강대로 3358-30 · 한국관광공사 연관 관광지 · 카카오 좌표,1,0,,경상남도,MATCH_CANDIDATE,1,경상남도 하동군 악양면
ro766,수원,강남면옥 수원점,경기 수원시 장안구 이목로74번길 17 · 한국관광공사 연관 관광지 · 카카오 좌표,0,0,,경기도,NO_EXACT_MUNICIPALITY_TOWNSHIP_TOKENS,0,
ro767,수원,신라갈비,경기 수원시 영통구 동수원로 538 · 한국관광공사 연관 관광지 · 카카오 좌표,0,0,,경기도,NO_EXACT_MUNICIPALITY_TOWNSHIP_TOKENS,0,
ro768,인천,오목골즉석메밀우동,인천 미추홀구 석정로 142 · 한국관광공사 연관 관광지 · 카카오 좌표,0,0,,인천광역시,NO_EXACT_MUNICIPALITY_TOWNSHIP_TOKENS,0,
ro769,장성,고려조삼계탕 본점,전남광주통합특별시 장성군 진원면 못재로 172-3 · 한국관광공사 연관 관광지 · 카카오 좌표,1,0,,전남광주통합특별시,MATCH_CANDIDATE,1,전남광주통합특별시 장성군 진원면
ro770,고성,카페도어스,경남 고성군 고성읍 신월로 166 · 한국관광공사 연관 관광지 · 카카오 좌표,1,0,,경상남도,MATCH_CANDIDATE,1,경상남도 고성군 고성읍
ro771,천안,뚜쥬루 성정점,충남 천안시 서북구 백석로 270 · 한국관광공사 연관 관광지 · 카카오 좌표,0,0,,충청남도,NO_EXACT_MUNICIPALITY_TOWNSHIP_TOKENS,0,
ro772,용인,고기리막국수,경기 용인시 수지구 이종무로 157 · 한국관광공사 연관 관광지 · 카카오 좌표,0,0,,경기도,NO_EXACT_MUNICIPALITY_TOWNSHIP_TOKENS,0,
ro773,용인,수지외식타운,경기 용인시 수지구 풍덕천동 701 · 한국관광공사 연관 관광지 · 카카오 좌표,0,0,,경기도,NO_EXACT_MUNICIPALITY_TOWNSHIP_TOKENS,0,
ro774,창녕,도천진짜순대 본점,경남 창녕군 도천면 일리새긴길 8 · 한국관광공사 연관 관광지 · 카카오 좌표,1,0,,경상남도,MATCH_CANDIDATE,1,경상남도 창녕군 도천면
ro775,함양,나무달쉼터,경남 함양군 함양읍 대실길 225 · 한국관광공사 연관 관광지 · 카카오 좌표,1,0,,경상남도,MATCH_CANDIDATE,1,경상남도 함양군 함양읍
ro776,상주,상주주막,경북 상주시 중동면 갱다불길 147 · 한국관광공사 연관 관광지 · 카카오 좌표,1,0,,경상북도,MATCH_CANDIDATE,1,경상북도 상주시 중동면
ro777,문경,대흥정육점,경북 문경시 문경읍 새재로 458-9 · 한국관광공사 연관 관광지 · 카카오 좌표,1,0,,경상북도,MATCH_CANDIDATE,1,경상북도 문경시 문경읍
ro778,무주,무심원,전북특별자치도 무주군 설천면 무설로 1338-1 · 한국관광공사 연관 관광지 · 카카오 좌표,1,0,,전북특별자치도,MATCH_CANDIDATE,1,전북특별자치도 무주군 설천면
ro779,무주,메가MGC커피 무주군청점,전북특별자치도 무주군 무주읍 단천로 93 · 한국관광공사 연관 관광지 · 카카오 좌표,1,0,,전북특별자치도,MATCH_CANDIDATE,1,전북특별자치도 무주군 무주읍
ro781,구미,한채쭈꾸미,경북 구미시 공원로 328 · 한국관광공사 연관 관광지 · 카카오 좌표,0,0,,경상북도,NO_EXACT_MUNICIPALITY_TOWNSHIP_TOKENS,0,
ro782,홍성,비츠,충남 홍성군 서부면 남당항로72번길 1 · 한국관광공사 연관 관광지 · 카카오 좌표,1,0,,충청남도,MATCH_CANDIDATE,1,충청남도 홍성군 서부면
ro783,서울,가나돈까스의집,서울 강남구 언주로 608 · 한국관광공사 연관 관광지 · 카카오 좌표,0,0,,서울특별시,NO_EXACT_MUNICIPALITY_TOWNSHIP_TOKENS,0,
ro784,부산,오르디,부산 사상구 대동로107번길 17 · 한국관광공사 연관 관광지 · 카카오 좌표,0,0,,부산광역시,NO_EXACT_MUNICIPALITY_TOWNSHIP_TOKENS,0,
ro785,부산,동래밀면 본점,부산 동래구 명륜로 47 · 한국관광공사 연관 관광지 · 카카오 좌표,0,0,,부산광역시,NO_EXACT_MUNICIPALITY_TOWNSHIP_TOKENS,0,
ro786,부산,이흥용과자점 두실점,부산 금정구 금단로 80 · 한국관광공사 연관 관광지 · 카카오 좌표,0,0,,부산광역시,NO_EXACT_MUNICIPALITY_TOWNSHIP_TOKENS,0,
ro787,수원,경기아트센터,경기 수원시 팔달구 효원로307번길 20 · 한국관광공사 연관 관광지 · 카카오 좌표,0,0,,경기도,NO_EXACT_MUNICIPALITY_TOWNSHIP_TOKENS,0,
ro788,수원,해우재문화센터,경기 수원시 장안구 장안로 463 · 한국관광공사 연관 관광지 · 카카오 좌표,0,0,,경기도,NO_EXACT_MUNICIPALITY_TOWNSHIP_TOKENS,0,
ro789,수원,나혜석거리,경기 수원시 팔달구 인계동 1140 · 한국관광공사 연관 관광지 · 카카오 좌표,1,0,,경기도,MATCH_CANDIDATE,1,경기도 수원시 팔달구 인계동
ro790,청주,국립상당산성자연휴양림,충북 청주시 청원구 내수읍 덕암2길 162 · 한국관광공사 연관 관광지 · 카카오 좌표,1,0,,충청북도,MATCH_CANDIDATE,1,충청북도 청주시 청원구 내수읍
ro791,청주,정북동토성,충북 청주시 청원구 정북동 351-1 · 한국관광공사 연관 관광지 · 카카오 좌표,0,0,,충청북도,NO_EXACT_MUNICIPALITY_TOWNSHIP_TOKENS,0,
ro792,충주,월악산 만수계곡자연관찰로분기점,충북 충주시 수안보면 미륵리 산 31-10 · 한국관광공사 연관 관광지 · 카카오 좌표,1,0,,충청북도,MATCH_CANDIDATE,1,충청북도 충주시 수안보면
ro793,전주,전주자연생태관,전북특별자치도 전주시 완산구 바람쐬는길 21 · 한국관광공사 연관 관광지 · 카카오 좌표,0,0,,전북특별자치도,NO_EXACT_MUNICIPALITY_TOWNSHIP_TOKENS,0,
ro794,전주,팔복예술공장,전북특별자치도 전주시 덕진구 구렛들1길 46 · 한국관광공사 연관 관광지 · 카카오 좌표,0,0,,전북특별자치도,NO_EXACT_MUNICIPALITY_TOWNSHIP_TOKENS,0,
ro795,전주,한국전통문화전당,전북특별자치도 전주시 완산구 현무1길 20 · 한국관광공사 연관 관광지 · 카카오 좌표,0,0,,전북특별자치도,NO_EXACT_MUNICIPALITY_TOWNSHIP_TOKENS,0,
ro796,전주,완산벙커 더 스페이스,전북특별자치도 전주시 완산구 완산5길 70 · 한국관광공사 연관 관광지 · 카카오 좌표,0,0,,전북특별자치도,NO_EXACT_MUNICIPALITY_TOWNSHIP_TOKENS,0,
ro797,청주,수암골타운,충북 청주시 청원구 수동로 32 · 한국관광공사 연관 관광지 · 카카오 좌표,0,0,,충청북도,NO_EXACT_MUNICIPALITY_TOWNSHIP_TOKENS,0,
ro798,순천,호남호국기념관,전남광주통합특별시 순천시 원연향길 17 · 한국관광공사 연관 관광지 · 카카오 좌표,0,0,,전남광주통합특별시,NO_EXACT_MUNICIPALITY_TOWNSHIP_TOKENS,0,
ro799,봉화,축서사,경북 봉화군 물야면 월계길 739 · 한국관광공사 연관 관광지 · 카카오 좌표,1,0,,경상북도,MATCH_CANDIDATE,1,경상북도 봉화군 물야면
ro800,인천,국립세계문자박물관,인천 연수구 센트럴로 217 · 한국관광공사 연관 관광지 · 카카오 좌표,0,0,,인천광역시,NO_EXACT_MUNICIPALITY_TOWNSHIP_TOKENS,0,
ro801,인천,수봉공원,인천 미추홀구 숭의동 8-193 · 한국관광공사 연관 관광지 · 카카오 좌표,0,0,,인천광역시,NO_EXACT_MUNICIPALITY_TOWNSHIP_TOKENS,0,
ro802,인천,한국이민사박물관,인천 제물포구 월미로 329 · 한국관광공사 연관 관광지 · 카카오 좌표,0,0,,인천광역시,NO_EXACT_MUNICIPALITY_TOWNSHIP_TOKENS,0,
ro803,영주,부석사 무량수전,경북 영주시 부석면 부석사로 345 · 한국관광공사 연관 관광지 · 카카오 좌표,1,0,,경상북도,MATCH_CANDIDATE,1,경상북도 영주시 부석면
ro804,영주,국립산림치유원,경북 영주시 봉현면 테라피로 209 · 한국관광공사 연관 관광지 · 카카오 좌표,1,0,,경상북도,MATCH_CANDIDATE,1,경상북도 영주시 봉현면
ro805,인천,배미꾸미조각공원,인천 옹진군 북도면 모도로140번길 41 · 한국관광공사 연관 관광지 · 카카오 좌표,1,0,,인천광역시,MATCH_CANDIDATE,1,인천광역시 옹진군 북도면
ro806,하동,하동공설시장,경남 하동군 하동읍 읍내리 261-2 · 한국관광공사 연관 관광지 · 카카오 좌표,1,0,,경상남도,MATCH_CANDIDATE,1,경상남도 하동군 하동읍
ro807,합천,합천왕후시장,경남 합천군 합천읍 옥산로 44 · 한국관광공사 연관 관광지 · 카카오 좌표,1,0,,경상남도,MATCH_CANDIDATE,1,경상남도 합천군 합천읍
ro808,창녕,무심사,경남 창녕군 이방면 손실길 62-215 · 한국관광공사 연관 관광지 · 카카오 좌표,1,0,,경상남도,MATCH_CANDIDATE,1,경상남도 창녕군 이방면
ro809,합천,오도산자연휴양림,경남 합천군 봉산면 오도산휴양로 398 · 한국관광공사 연관 관광지 · 카카오 좌표,1,0,,경상남도,MATCH_CANDIDATE,1,경상남도 합천군 봉산면
ro810,합천,황강군민체육공원 축구장,경남 합천군 합천읍 합천리 1364-75 · 한국관광공사 연관 관광지 · 카카오 좌표,1,0,,경상남도,MATCH_CANDIDATE,1,경상남도 합천군 합천읍
ro811,담양,한재골,전남광주통합특별시 담양군 대전면 평장리 · 한국관광공사 연관 관광지 · 카카오 좌표,1,0,,전남광주통합특별시,MATCH_CANDIDATE,1,전남광주통합특별시 담양군 대전면
ro812,홍성,광천전통시장,충남 홍성군 광천읍 광천리 237-60 · 한국관광공사 연관 관광지 · 카카오 좌표,1,0,,충청남도,MATCH_CANDIDATE,1,충청남도 홍성군 광천읍
ro815,담양,담양호,전남광주통합특별시 담양군 용면 월계리 411-6 · 한국관광공사 연관 관광지 · 카카오 좌표,1,0,,전남광주통합특별시,MATCH_CANDIDATE,1,전남광주통합특별시 담양군 용면
ro816,창원,굿데이뮤지엄,경남 창원시 마산회원구 봉암공단2길 22 · 한국관광공사 연관 관광지 · 카카오 좌표,0,0,,경상남도,NO_EXACT_MUNICIPALITY_TOWNSHIP_TOKENS,0,
ro817,창원,소계시장,경남 창원시 의창구 소계로 83-6 · 한국관광공사 연관 관광지 · 카카오 좌표,0,0,,경상남도,NO_EXACT_MUNICIPALITY_TOWNSHIP_TOKENS,0,
ro818,이천,비승대체력단련장,경기 이천시 진상미로 1700-29 · 한국관광공사 연관 관광지 · 카카오 좌표,0,0,,경기도,NO_EXACT_MUNICIPALITY_TOWNSHIP_TOKENS,0,
ro819,정읍,정읍피향정,전북특별자치도 정읍시 태인면 태산로 2951 · 한국관광공사 연관 관광지 · 카카오 좌표,1,0,,전북특별자치도,MATCH_CANDIDATE,1,전북특별자치도 정읍시 태인면
ro820,정읍,정읍국가유산미디어아트관 1894달하루,전북특별자치도 정읍시 내장산로 370-10 · 한국관광공사 연관 관광지 · 카카오 좌표,0,0,,전북특별자치도,NO_EXACT_MUNICIPALITY_TOWNSHIP_TOKENS,0,
ro821,남양주,몽골문화촌,경기 남양주시 수동면 비룡로 1635 · 한국관광공사 연관 관광지 · 카카오 좌표,1,0,,경기도,MATCH_CANDIDATE,1,경기도 남양주시 수동면
ro822,남양주,천보사,경기 남양주시 불암산로 145 · 한국관광공사 연관 관광지 · 카카오 좌표,0,0,,경기도,NO_EXACT_MUNICIPALITY_TOWNSHIP_TOKENS,0,
ro823,양주,대한불교조계종회암사,경기 양주시 회암사길 281 · 한국관광공사 연관 관광지 · 카카오 좌표,0,0,,경기도,NO_EXACT_MUNICIPALITY_TOWNSHIP_TOKENS,0,
ro824,강릉,무위사,강원특별자치도 강릉시 왕산면 왕산로 2242-7 · 한국관광공사 연관 관광지 · 카카오 좌표,1,0,,강원특별자치도,MATCH_CANDIDATE,1,강원특별자치도 강릉시 왕산면
ro825,익산,달빛소리수목원,전북특별자치도 익산시 춘포면 천서길 149 · 한국관광공사 연관 관광지 · 카카오 좌표,1,0,,전북특별자치도,MATCH_CANDIDATE,1,전북특별자치도 익산시 춘포면
ro826,장성,황룡강생태공원,전남광주통합특별시 장성군 장성읍 기산리 508-2 · 한국관광공사 연관 관광지 · 카카오 좌표,1,0,,전남광주통합특별시,MATCH_CANDIDATE,1,전남광주통합특별시 장성군 장성읍
ro827,경기광주,경기도자박물관,경기 광주시 곤지암읍 경충대로 727 · 한국관광공사 연관 관광지 · 카카오 좌표,1,0,,경기도,MATCH_CANDIDATE,1,경기도 광주시 곤지암읍
ro828,고양,현대 모터스튜디오 고양,경기 고양시 일산서구 킨텍스로 217-6 · 한국관광공사 연관 관광지 · 카카오 좌표,0,0,,경기도,NO_EXACT_MUNICIPALITY_TOWNSHIP_TOKENS,0,
ro829,완도,완도자연휴양림,전남광주통합특별시 완도군 완도읍 대야일구1길 115 · 한국관광공사 연관 관광지 · 카카오 좌표,1,0,,전남광주통합특별시,MATCH_CANDIDATE,1,전남광주통합특별시 완도군 완도읍
ro830,고성,맥전포항,경남 고성군 하일면 춘암리 790-7 · 한국관광공사 연관 관광지 · 카카오 좌표,1,0,,경상남도,MATCH_CANDIDATE,1,경상남도 고성군 하일면
ro831,무주,무주반디랜드 무주곤충박물관,전북특별자치도 무주군 설천면 무설로 1324 · 한국관광공사 연관 관광지 · 카카오 좌표,1,0,,전북특별자치도,MATCH_CANDIDATE,1,전북특별자치도 무주군 설천면
ro832,인제,하추자연휴양림,강원특별자치도 인제군 인제읍 하추로 686 · 한국관광공사 연관 관광지 · 카카오 좌표,1,0,,강원특별자치도,MATCH_CANDIDATE,1,강원특별자치도 인제군 인제읍
ro833,서울,노룬산골목시장,서울 광진구 자양동 816-79 · 한국관광공사 연관 관광지 · 카카오 좌표,0,0,,서울특별시,NO_EXACT_MUNICIPALITY_TOWNSHIP_TOKENS,0,
ro834,서울,구로리어린이공원,서울 구로구 구로중앙로 13 · 한국관광공사 연관 관광지 · 카카오 좌표,0,0,,서울특별시,NO_EXACT_MUNICIPALITY_TOWNSHIP_TOKENS,0,
ro837,서울,솔밭근린공원,서울 강북구 삼양로 561 · 한국관광공사 연관 관광지 · 카카오 좌표,0,0,,서울특별시,NO_EXACT_MUNICIPALITY_TOWNSHIP_TOKENS,0,
ro839,서울,청량리 청과물 도매시장,서울 동대문구 제기동 854-2 · 한국관광공사 연관 관광지 · 카카오 좌표,1,0,,서울특별시,MATCH_CANDIDATE,1,서울특별시 동대문구 제기동
ro840,구미,구미코,경북 구미시 산동읍 첨단기업1로 49 · 한국관광공사 연관 관광지 · 카카오 좌표,1,0,,경상북도,MATCH_CANDIDATE,1,경상북도 구미시 산동읍
ro841,서울,망원유수지체육공원,서울 마포구 방울내로11길 198 · 한국관광공사 연관 관광지 · 카카오 좌표,0,0,,서울특별시,NO_EXACT_MUNICIPALITY_TOWNSHIP_TOKENS,0,
ro843,부산,국립부산국악원,부산 부산진구 국악로 2 · 한국관광공사 연관 관광지 · 카카오 좌표,0,0,,부산광역시,NO_EXACT_MUNICIPALITY_TOWNSHIP_TOKENS,0,
ro844,부산,장림골목시장,부산 사하구 장림동 640-1 · 한국관광공사 연관 관광지 · 카카오 좌표,0,0,,부산광역시,NO_EXACT_MUNICIPALITY_TOWNSHIP_TOKENS,0,
ro846,부산,부산해양자연사박물관,부산 동래구 우장춘로 175 · 한국관광공사 연관 관광지 · 카카오 좌표,0,0,,부산광역시,NO_EXACT_MUNICIPALITY_TOWNSHIP_TOKENS,0,
ro847,서울,봉원사,서울 서대문구 봉원사길 120 · 한국관광공사 연관 관광지 · 카카오 좌표,0,0,,서울특별시,NO_EXACT_MUNICIPALITY_TOWNSHIP_TOKENS,0,
ro848,부산,스포원파크,부산 금정구 체육공원로399번길 324 · 한국관광공사 연관 관광지 · 카카오 좌표,0,0,,부산광역시,NO_EXACT_MUNICIPALITY_TOWNSHIP_TOKENS,0,
ro850,예산,충의사,충남 예산군 덕산면 덕산온천로 183-5 · 한국관광공사 연관 관광지 · 카카오 좌표,1,0,,충청남도,MATCH_CANDIDATE,1,충청남도 예산군 덕산면
ro851,수원,백세삼계탕 본점,경기 수원시 장안구 경수대로 1200 · 한국관광공사 연관 관광지 · 카카오 좌표,0,0,,경기도,NO_EXACT_MUNICIPALITY_TOWNSHIP_TOKENS,0,
ro852,청주,쫄쫄호떡 중앙공원본점,충북 청주시 상당구 상당로55번길 40-1 · 한국관광공사 연관 관광지 · 카카오 좌표,0,0,,충청북도,NO_EXACT_MUNICIPALITY_TOWNSHIP_TOKENS,0,
ro853,대구,홍구원 가창점,대구 달성군 가창면 가창로176길 9 · 한국관광공사 연관 관광지 · 카카오 좌표,1,0,,대구광역시,MATCH_CANDIDATE,1,대구광역시 달성군 가창면
ro854,대구,오퐁드부아,대구 달성군 가창면 주리2길 104 · 한국관광공사 연관 관광지 · 카카오 좌표,1,0,,대구광역시,MATCH_CANDIDATE,1,대구광역시 달성군 가창면
ro855,인천,늘솜당,인천 남동구 논고개로 213-2 · 한국관광공사 연관 관광지 · 카카오 좌표,0,0,,인천광역시,NO_EXACT_MUNICIPALITY_TOWNSHIP_TOKENS,0,
ro856,인천,스타벅스 인천용현DT점,인천 미추홀구 아암대로 107 · 한국관광공사 연관 관광지 · 카카오 좌표,0,0,,인천광역시,NO_EXACT_MUNICIPALITY_TOWNSHIP_TOKENS,0,
ro858,고양,유해자의 일산소바 본점,경기 고양시 일산서구 대화로 362 · 한국관광공사 연관 관광지 · 카카오 좌표,0,0,,경기도,NO_EXACT_MUNICIPALITY_TOWNSHIP_TOKENS,0,
ro859,청송,바우,경북 청송군 주왕산면 교하로 381 · 한국관광공사 연관 관광지 · 카카오 좌표,1,0,,경상북도,MATCH_CANDIDATE,1,경상북도 청송군 주왕산면
ro860,구미,곤지곤지 남통점,경북 구미시 금오산로 217-20 · 한국관광공사 연관 관광지 · 카카오 좌표,0,0,,경상북도,NO_EXACT_MUNICIPALITY_TOWNSHIP_TOKENS,0,
ro861,서울,함경면옥,서울 동대문구 왕산로 87 · 한국관광공사 연관 관광지 · 카카오 좌표,0,0,,서울특별시,NO_EXACT_MUNICIPALITY_TOWNSHIP_TOKENS,0,
ro862,서울,신토불이떡볶이 본점,서울 광진구 자양로43길 42 · 한국관광공사 연관 관광지 · 카카오 좌표,0,0,,서울특별시,NO_EXACT_MUNICIPALITY_TOWNSHIP_TOKENS,0,
ro863,서울,어머니대성집,서울 동대문구 왕산로11길 4 · 한국관광공사 연관 관광지 · 카카오 좌표,0,0,,서울특별시,NO_EXACT_MUNICIPALITY_TOWNSHIP_TOKENS,0,
ro864,대전,동춘당역사공원,대전 대덕구 동춘당로 90 · 한국관광공사 연관 관광지 · 카카오 좌표,0,0,,대전광역시,NO_EXACT_MUNICIPALITY_TOWNSHIP_TOKENS,0,
ro865,수원,영흥수목원,경기 수원시 영통구 영통로 435 · 한국관광공사 연관 관광지 · 카카오 좌표,0,0,,경기도,NO_EXACT_MUNICIPALITY_TOWNSHIP_TOKENS,0,
ro867,수원,수원시립만석전시관,경기 수원시 장안구 송정로 19 · 한국관광공사 연관 관광지 · 카카오 좌표,0,0,,경기도,NO_EXACT_MUNICIPALITY_TOWNSHIP_TOKENS,0,
ro868,보은,속리산CC,충북 보은군 탄부면 평각상장로 230 · 한국관광공사 연관 관광지 · 카카오 좌표,1,0,,충청북도,MATCH_CANDIDATE,1,충청북도 보은군 탄부면
ro869,청주,초정행궁,충북 청주시 청원구 내수읍 초정약수로 851 · 한국관광공사 연관 관광지 · 카카오 좌표,1,0,,충청북도,MATCH_CANDIDATE,1,충청북도 청주시 청원구 내수읍
ro870,청주,청주북부시장,충북 청주시 청원구 향군로31번길 19 · 한국관광공사 연관 관광지 · 카카오 좌표,0,0,,충청북도,NO_EXACT_MUNICIPALITY_TOWNSHIP_TOKENS,0,
ro871,대구,플레이월드 대구점,대구 수성구 청수로9길 27 · 한국관광공사 연관 관광지 · 카카오 좌표,0,0,,대구광역시,NO_EXACT_MUNICIPALITY_TOWNSHIP_TOKENS,0,
ro872,대구,수성아트피아,대구 수성구 무학로 180 · 한국관광공사 연관 관광지 · 카카오 좌표,0,0,,대구광역시,NO_EXACT_MUNICIPALITY_TOWNSHIP_TOKENS,0,
ro873,전주,한국소리문화의전당,전북특별자치도 전주시 덕진구 소리로 31 · 한국관광공사 연관 관광지 · 카카오 좌표,0,0,,전북특별자치도,NO_EXACT_MUNICIPALITY_TOWNSHIP_TOKENS,0,
ro874,인천,남동소래아트홀,인천 남동구 아암대로1437번길 32 · 한국관광공사 연관 관광지 · 카카오 좌표,0,0,,인천광역시,NO_EXACT_MUNICIPALITY_TOWNSHIP_TOKENS,0,
ro875,진안,마이산,전북특별자치도 진안군 마령면 동촌리 산 18 · 한국관광공사 연관 관광지 · 카카오 좌표,1,0,,전북특별자치도,MATCH_CANDIDATE,1,전북특별자치도 진안군 마령면
ro877,진안,운일암반일암계곡,전북특별자치도 진안군 주천면 대불리 · 한국관광공사 연관 관광지 · 카카오 좌표,1,0,,전북특별자치도,MATCH_CANDIDATE,1,전북특별자치도 진안군 주천면
ro878,인천,남동물빛놀이터,인천 남동구 논현동 644-1 · 한국관광공사 연관 관광지 · 카카오 좌표,0,0,,인천광역시,NO_EXACT_MUNICIPALITY_TOWNSHIP_TOKENS,0,
ro879,순천,중앙시장,전남광주통합특별시 순천시 남내동 125-1 · 한국관광공사 연관 관광지 · 카카오 좌표,0,0,,전남광주통합특별시,NO_EXACT_MUNICIPALITY_TOWNSHIP_TOKENS,0,
ro880,청송,신촌약수터,경북 청송군 진보면 신촌리 41-6 · 한국관광공사 연관 관광지 · 카카오 좌표,1,0,,경상북도,MATCH_CANDIDATE,1,경상북도 청송군 진보면
ro882,청송,백석탄 포트홀,경북 청송군 안덕면 고와리 648 · 한국관광공사 연관 관광지 · 카카오 좌표,1,0,,경상북도,MATCH_CANDIDATE,1,경상북도 청송군 안덕면
ro884,하동,정금정,경남 하동군 화개면 정금리 산 167 · 한국관광공사 연관 관광지 · 카카오 좌표,1,0,,경상남도,MATCH_CANDIDATE,1,경상남도 하동군 화개면
ro886,거창,오도산전망대,경남 거창군 가조면 도리 산 61-2 · 한국관광공사 연관 관광지 · 카카오 좌표,1,0,,경상남도,MATCH_CANDIDATE,1,경상남도 거창군 가조면
ro887,합천,황계폭포,경남 합천군 용주면 황계리 산 156 · 한국관광공사 연관 관광지 · 카카오 좌표,1,0,,경상남도,MATCH_CANDIDATE,1,경상남도 합천군 용주면
ro888,합천,가야산소리길,경남 합천군 가야면 구원리 642 · 한국관광공사 연관 관광지 · 카카오 좌표,1,0,,경상남도,MATCH_CANDIDATE,1,경상남도 합천군 가야면
ro889,임실,옥정호 붕어섬생태공원,전북특별자치도 임실군 운암면 용운리 · 한국관광공사 연관 관광지 · 카카오 좌표,1,0,,전북특별자치도,MATCH_CANDIDATE,1,전북특별자치도 임실군 운암면
ro890,창원,진해보타닉뮤지엄,경남 창원시 진해구 진해대로1137번길 89 · 한국관광공사 연관 관광지 · 카카오 좌표,0,0,,경상남도,NO_EXACT_MUNICIPALITY_TOWNSHIP_TOKENS,0,
ro891,천안,천안축구센터 본관동,충남 천안시 서북구 축구센터로 150 · 한국관광공사 연관 관광지 · 카카오 좌표,0,0,,충청남도,NO_EXACT_MUNICIPALITY_TOWNSHIP_TOKENS,0,
ro892,창원,성흥사,경남 창원시 진해구 대장로 273 · 한국관광공사 연관 관광지 · 카카오 좌표,0,0,,경상남도,NO_EXACT_MUNICIPALITY_TOWNSHIP_TOKENS,0,
ro893,익산,북부시장,전북특별자치도 익산시 인북로 259 · 한국관광공사 연관 관광지 · 카카오 좌표,0,0,,전북특별자치도,NO_EXACT_MUNICIPALITY_TOWNSHIP_TOKENS,0,
ro894,용인,용담저수지,경기 용인시 처인구 원삼면 사암리 55 · 한국관광공사 연관 관광지 · 카카오 좌표,1,0,,경기도,MATCH_CANDIDATE,1,경기도 용인시 처인구 원삼면
ro896,정읍,백제가요 정읍사문화공원,전북특별자치도 정읍시 정읍사로 541 · 한국관광공사 연관 관광지 · 카카오 좌표,0,0,,전북특별자치도,NO_EXACT_MUNICIPALITY_TOWNSHIP_TOKENS,0,
ro897,보은,국립속리산말티재자연휴양림,충북 보은군 장안면 속리산로 256 · 한국관광공사 연관 관광지 · 카카오 좌표,1,0,,충청북도,MATCH_CANDIDATE,1,충청북도 보은군 장안면
ro898,경기광주,경안천습지생태공원,경기 광주시 퇴촌면 정지리 571-2 · 한국관광공사 연관 관광지 · 카카오 좌표,1,0,,경기도,MATCH_CANDIDATE,1,경기도 광주시 퇴촌면
ro899,경기광주,율봄식물원,경기 광주시 퇴촌면 태허정로 267-54 · 한국관광공사 연관 관광지 · 카카오 좌표,1,0,,경기도,MATCH_CANDIDATE,1,경기도 광주시 퇴촌면
ro900,거창,거창항노화힐링랜드,경남 거창군 가조면 의상봉길 834 · 한국관광공사 연관 관광지 · 카카오 좌표,1,0,,경상남도,MATCH_CANDIDATE,1,경상남도 거창군 가조면
ro901,문경,문경야구장,경북 문경시 영순면 이목리 51-1 · 한국관광공사 연관 관광지 · 카카오 좌표,1,0,,경상북도,MATCH_CANDIDATE,1,경상북도 문경시 영순면
ro902,산청,덕천서원,경남 산청군 시천면 남명로 137 · 한국관광공사 연관 관광지 · 카카오 좌표,1,0,,경상남도,MATCH_CANDIDATE,1,경상남도 산청군 시천면
ro903,상주,경천섬공원,경북 상주시 중동면 오상리 · 한국관광공사 연관 관광지 · 카카오 좌표,1,0,,경상북도,MATCH_CANDIDATE,1,경상북도 상주시 중동면
ro904,고령,우륵박물관,경북 고령군 대가야읍 가야금길 98 · 한국관광공사 연관 관광지 · 카카오 좌표,1,0,,경상북도,MATCH_CANDIDATE,1,경상북도 고령군 대가야읍
ro905,창녕,창녕우포곤충나라,경남 창녕군 대합면 우포2로 333 · 한국관광공사 연관 관광지 · 카카오 좌표,1,0,,경상남도,MATCH_CANDIDATE,1,경상남도 창녕군 대합면
ro906,창녕,화왕산자연휴양림,경남 창녕군 고암면 청간길 128-126 · 한국관광공사 연관 관광지 · 카카오 좌표,1,0,,경상남도,MATCH_CANDIDATE,1,경상남도 창녕군 고암면
ro907,예산,스플라스 스파&워터파크,충남 예산군 덕산면 온천단지3로 45-7 · 한국관광공사 연관 관광지 · 카카오 좌표,1,0,,충청남도,MATCH_CANDIDATE,1,충청남도 예산군 덕산면
ro908,양주,가나아트파크,경기 양주시 장흥면 권율로 117 · 한국관광공사 연관 관광지 · 카카오 좌표,1,0,,경기도,MATCH_CANDIDATE,1,경기도 양주시 장흥면
ro909,청송,청송자연휴양림,경북 청송군 부남면 청송로 3478-96 · 한국관광공사 연관 관광지 · 카카오 좌표,1,0,,경상북도,MATCH_CANDIDATE,1,경상북도 청송군 부남면
ro910,서울,영화사,서울 광진구 영화사로 107 · 한국관광공사 연관 관광지 · 카카오 좌표,0,0,,서울특별시,NO_EXACT_MUNICIPALITY_TOWNSHIP_TOKENS,0,
ro912,서울,대한불교조계종 연화사,서울 동대문구 경희대로3길 56 · 한국관광공사 연관 관광지 · 카카오 좌표,0,0,,서울특별시,NO_EXACT_MUNICIPALITY_TOWNSHIP_TOKENS,0,
ro913,서울,뚝도시장,서울 성동구 성수이로 32-15 · 한국관광공사 연관 관광지 · 카카오 좌표,0,0,,서울특별시,NO_EXACT_MUNICIPALITY_TOWNSHIP_TOKENS,0,
ro914,서울,마곡실내배드민턴장,서울 강서구 양천로 251 · 한국관광공사 연관 관광지 · 카카오 좌표,0,0,,서울특별시,NO_EXACT_MUNICIPALITY_TOWNSHIP_TOKENS,0,
ro915,서울,흥천사,서울 성북구 흥천사길 29 · 한국관광공사 연관 관광지 · 카카오 좌표,0,0,,서울특별시,NO_EXACT_MUNICIPALITY_TOWNSHIP_TOKENS,0,
ro916,서울,서울함공원,서울 마포구 마포나루길 407 · 한국관광공사 연관 관광지 · 카카오 좌표,0,0,,서울특별시,NO_EXACT_MUNICIPALITY_TOWNSHIP_TOKENS,0,
ro917,부산,부산콘서트홀,부산 부산진구 동평로 250 · 한국관광공사 연관 관광지 · 카카오 좌표,0,0,,부산광역시,NO_EXACT_MUNICIPALITY_TOWNSHIP_TOKENS,0,
ro918,부산,연동시장,부산 연제구 연동로8번길 22 · 한국관광공사 연관 관광지 · 카카오 좌표,0,0,,부산광역시,NO_EXACT_MUNICIPALITY_TOWNSHIP_TOKENS,0,
ro920,부산,수영팔도상가시장,부산 수영구 수영성로27번길 15 · 한국관광공사 연관 관광지 · 카카오 좌표,0,0,,부산광역시,NO_EXACT_MUNICIPALITY_TOWNSHIP_TOKENS,0,
ro921,거창,거창사과테마파크,경남 거창군 거창읍 거함대로 3372-60 · 한국관광공사 연관 관광지 · 카카오 좌표,1,0,,경상남도,MATCH_CANDIDATE,1,경상남도 거창군 거창읍
ro922,보성,보성열화정,전남광주통합특별시 보성군 득량면 오봉리 230 · 한국관광공사 연관 관광지 · 카카오 좌표,1,0,,전남광주통합특별시,MATCH_CANDIDATE,1,전남광주통합특별시 보성군 득량면
ro923,부산,대저생태공원,부산 강서구 대저1동 1-34 · 한국관광공사 연관 관광지 · 카카오 좌표,1,0,,부산광역시,MATCH_CANDIDATE,1,부산광역시 강서구 대저1동
ro924,서울,청계천박물관,서울 성동구 청계천로 530 · 한국관광공사 연관 관광지 · 카카오 좌표,0,0,,서울특별시,NO_EXACT_MUNICIPALITY_TOWNSHIP_TOKENS,0,
ro925,서울,모래내시장 먹자골목,서울 서대문구 남가좌동 110-4 · 한국관광공사 연관 관광지 · 카카오 좌표,0,0,,서울특별시,NO_EXACT_MUNICIPALITY_TOWNSHIP_TOKENS,0,
ro926,횡성,횡성호수길축제,강원특별자치도 횡성군 갑천면 구방리 산 164 · 한국관광공사 연관 관광지 · 카카오 좌표,1,0,,강원특별자치도,MATCH_CANDIDATE,1,강원특별자치도 횡성군 갑천면
ro927,수원,아쿠아플라넷 광교,경기 수원시 영통구 광교호수공원로 300 · 한국관광공사 연관 관광지 · 카카오 좌표,0,0,,경기도,NO_EXACT_MUNICIPALITY_TOWNSHIP_TOKENS,0,
ro928,용인,기흥레스피아호수공원 반려동물놀이터,경기 용인시 기흥구 하갈동 126-6 · 한국관광공사 연관 관광지 · 카카오 좌표,0,0,,경기도,NO_EXACT_MUNICIPALITY_TOWNSHIP_TOKENS,0,
ro929,시흥,오이도 빨강등대,경기 시흥시 오이도로 170 · 한국관광공사 연관 관광지 · 카카오 좌표,0,0,,경기도,NO_EXACT_MUNICIPALITY_TOWNSHIP_TOKENS,0,
ro930,청주,운보의집,충북 청주시 청원구 내수읍 형동2길 92-41 · 한국관광공사 연관 관광지 · 카카오 좌표,1,0,,충청북도,MATCH_CANDIDATE,1,충청북도 청주시 청원구 내수읍
ro931,대구,2026 대구치맥페스티벌,대구 달서구 두류동 산 133 · 한국관광공사 연관 관광지 · 카카오 좌표,0,0,,대구광역시,NO_EXACT_MUNICIPALITY_TOWNSHIP_TOKENS,0,
ro932,전주,전주한지박물관,전북특별자치도 전주시 덕진구 팔복로 59 · 한국관광공사 연관 관광지 · 카카오 좌표,0,0,,전북특별자치도,NO_EXACT_MUNICIPALITY_TOWNSHIP_TOKENS,0,
ro933,완주,고산자연휴양림,전북특별자치도 완주군 고산면 고산휴양림로 246 · 한국관광공사 연관 관광지 · 카카오 좌표,1,0,,전북특별자치도,MATCH_CANDIDATE,1,전북특별자치도 완주군 고산면
ro934,인천,드림파크야생화단지,인천 검단구 · 한국관광공사 연관 관광지 · 카카오 좌표,0,0,,인천광역시,NO_EXACT_MUNICIPALITY_TOWNSHIP_TOKENS,0,
ro935,장흥,보림사,전남광주통합특별시 장흥군 유치면 보림사로 224 · 한국관광공사 연관 관광지 · 카카오 좌표,1,0,,전남광주통합특별시,MATCH_CANDIDATE,1,전남광주통합특별시 장흥군 유치면
ro936,용인,용인시박물관,경기 용인시 기흥구 동백3로 79 · 한국관광공사 연관 관광지 · 카카오 좌표,0,0,,경기도,NO_EXACT_MUNICIPALITY_TOWNSHIP_TOKENS,0,
ro937,보은,보은스포츠파크 야구장,충북 보은군 보은읍 군청길 71 · 한국관광공사 연관 관광지 · 카카오 좌표,1,0,,충청북도,MATCH_CANDIDATE,1,충청북도 보은군 보은읍
ro938,경기광주,곤지암호국스포츠타운,경기 광주시 곤지암읍 삼리 612-14 · 한국관광공사 연관 관광지 · 카카오 좌표,1,0,,경기도,MATCH_CANDIDATE,1,경기도 광주시 곤지암읍
ro939,시흥,연꽃테마파크,경기 시흥시 관곡지로 139 · 한국관광공사 연관 관광지 · 카카오 좌표,0,0,,경기도,NO_EXACT_MUNICIPALITY_TOWNSHIP_TOKENS,0,
ro940,장성,황룡시장,전남광주통합특별시 장성군 황룡면 삼월길 5 · 한국관광공사 연관 관광지 · 카카오 좌표,1,0,,전남광주통합특별시,MATCH_CANDIDATE,1,전남광주통합특별시 장성군 황룡면
ro941,장성,국립방장산자연휴양림,전남광주통합특별시 장성군 북이면 죽청리 산 70-1 · 한국관광공사 연관 관광지 · 카카오 좌표,1,0,,전남광주통합특별시,MATCH_CANDIDATE,1,전남광주통합특별시 장성군 북이면
ro942,고령,소리체험관,경북 고령군 대가야읍 가야금길 98 · 한국관광공사 연관 관광지 · 카카오 좌표,1,0,,경상북도,MATCH_CANDIDATE,1,경상북도 고령군 대가야읍
ro943,상주,낙동강 역사이야기관,경북 상주시 낙동면 낙동1길 116 · 한국관광공사 연관 관광지 · 카카오 좌표,1,0,,경상북도,MATCH_CANDIDATE,1,경상북도 상주시 낙동면
ro944,구미,지산샛강생태공원,경북 구미시 지산동 847-72 · 한국관광공사 연관 관광지 · 카카오 좌표,1,0,,경상북도,MATCH_CANDIDATE,1,경상북도 구미시 지산동
ro945,청송,주왕산온천관광호텔 청송솔기온천,경북 청송군 청송읍 중앙로 315 · 한국관광공사 연관 관광지 · 카카오 좌표,1,0,,경상북도,MATCH_CANDIDATE,1,경상북도 청송군 청송읍
ro946,세종,국립어린이박물관,세종특별자치시 어울누리로 130 · 한국관광공사 연관 관광지 · 카카오 좌표,0,0,,세종특별자치시,NO_EXACT_MUNICIPALITY_TOWNSHIP_TOKENS,0,
ro947,세종,고복저수지,세종특별자치시 연서면 용암리 57 · 한국관광공사 연관 관광지 · 카카오 좌표,1,0,,세종특별자치시,MATCH_CANDIDATE,1,세종특별자치시 세종특별자치시 연서면
ro948,세종,세종전통시장,세종특별자치시 조치원읍 조치원로 26 · 한국관광공사 연관 관광지 · 카카오 좌표,1,0,,세종특별자치시,MATCH_CANDIDATE,1,세종특별자치시 세종특별자치시 조치원읍
ro949,서울,성대전통시장,서울 동작구 국사봉1길 41 · 한국관광공사 연관 관광지 · 카카오 좌표,0,0,,서울특별시,NO_EXACT_MUNICIPALITY_TOWNSHIP_TOKENS,0,
ro950,서울,대신시장,서울 영등포구 도신로60길 7 · 한국관광공사 연관 관광지 · 카카오 좌표,0,0,,서울특별시,NO_EXACT_MUNICIPALITY_TOWNSHIP_TOKENS,0,
ro952,서울,상계중앙시장,서울 노원구 상계로23나길 33 · 한국관광공사 연관 관광지 · 카카오 좌표,0,0,,서울특별시,NO_EXACT_MUNICIPALITY_TOWNSHIP_TOKENS,0,
ro953,서울,서울로봇인공지능과학관,서울 도봉구 마들로13길 56 · 한국관광공사 연관 관광지 · 카카오 좌표,0,0,,서울특별시,NO_EXACT_MUNICIPALITY_TOWNSHIP_TOKENS,0,
ro954,서울,점프,서울 노원구 한글비석로 102 · 한국관광공사 연관 관광지 · 카카오 좌표,0,0,,서울특별시,NO_EXACT_MUNICIPALITY_TOWNSHIP_TOKENS,0,
ro956,서울,삼성동시장,서울 관악구 원신2길 55 · 한국관광공사 연관 관광지 · 카카오 좌표,0,0,,서울특별시,NO_EXACT_MUNICIPALITY_TOWNSHIP_TOKENS,0,
ro957,서울,서울연극창작센터,서울 성북구 성북로 8 · 한국관광공사 연관 관광지 · 카카오 좌표,0,0,,서울특별시,NO_EXACT_MUNICIPALITY_TOWNSHIP_TOKENS,0,
ro958,서울,서울시립 서서울미술관,서울 금천구 시흥대로79길 65 · 한국관광공사 연관 관광지 · 카카오 좌표,0,0,,서울특별시,NO_EXACT_MUNICIPALITY_TOWNSHIP_TOKENS,0,
ro959,서울,대성사,서울 서초구 남부순환로328길 49 · 한국관광공사 연관 관광지 · 카카오 좌표,0,0,,서울특별시,NO_EXACT_MUNICIPALITY_TOWNSHIP_TOKENS,0,
ro960,서울,강동아트센터,서울 강동구 동남로 870 · 한국관광공사 연관 관광지 · 카카오 좌표,0,0,,서울특별시,NO_EXACT_MUNICIPALITY_TOWNSHIP_TOKENS,0,
ro961,부산,부산119안전체험관,부산 동래구 우장춘로 117 · 한국관광공사 연관 관광지 · 카카오 좌표,0,0,,부산광역시,NO_EXACT_MUNICIPALITY_TOWNSHIP_TOKENS,0,
ro962,부산,을숙도문화회관 들락날락,부산 사하구 낙동남로1233번길 25 · 한국관광공사 연관 관광지 · 카카오 좌표,0,0,,부산광역시,NO_EXACT_MUNICIPALITY_TOWNSHIP_TOKENS,0,
ro963,부산,부산광역시교육청 학생안전체험관,부산 강서구 영강길81번길 24 · 한국관광공사 연관 관광지 · 카카오 좌표,0,0,,부산광역시,NO_EXACT_MUNICIPALITY_TOWNSHIP_TOKENS,0,
ro964,부산,낙동아트센터,부산 강서구 명지국제1로 141 · 한국관광공사 연관 관광지 · 카카오 좌표,0,0,,부산광역시,NO_EXACT_MUNICIPALITY_TOWNSHIP_TOKENS,0,
ro965,부산,천성항,부산 강서구 천성동 646-2 · 한국관광공사 연관 관광지 · 카카오 좌표,0,0,,부산광역시,NO_EXACT_MUNICIPALITY_TOWNSHIP_TOKENS,0,
ro966,고양,행주산성 역사공원,경기 고양시 덕양구 행주외동 500 · 한국관광공사 연관 관광지 · 카카오 좌표,0,0,,경기도,NO_EXACT_MUNICIPALITY_TOWNSHIP_TOKENS,0,
ro967,고양,고양CC,경기 고양시 덕양구 도내동 1129 · 한국관광공사 연관 관광지 · 카카오 좌표,0,0,,경기도,NO_EXACT_MUNICIPALITY_TOWNSHIP_TOKENS,0,
ro968,부산,다대포항,부산 사하구 다대동 · 한국관광공사 연관 관광지 · 카카오 좌표,0,0,,부산광역시,NO_EXACT_MUNICIPALITY_TOWNSHIP_TOKENS,0,
ro969,부산,광안리해양레포츠센터,부산 수영구 광안해변로54번길 222 · 한국관광공사 연관 관광지 · 카카오 좌표,0,0,,부산광역시,NO_EXACT_MUNICIPALITY_TOWNSHIP_TOKENS,0,
ro971,봉화,봉화은어축제,경북 봉화군 봉화읍 내성리 506 · 한국관광공사 연관 관광지 · 카카오 좌표,1,0,,경상북도,MATCH_CANDIDATE,1,경상북도 봉화군 봉화읍
ro972,서울,서울시립 남서울미술관,서울 관악구 남부순환로 2076 · 한국관광공사 연관 관광지 · 카카오 좌표,0,0,,서울특별시,NO_EXACT_MUNICIPALITY_TOWNSHIP_TOKENS,0,
ro973,서울,서울풍물시장,서울 동대문구 천호대로4길 21 · 한국관광공사 연관 관광지 · 카카오 좌표,0,0,,서울특별시,NO_EXACT_MUNICIPALITY_TOWNSHIP_TOKENS,0,
ro974,서울,홍릉시험림,서울 동대문구 회기로 57 · 한국관광공사 연관 관광지 · 카카오 좌표,0,0,,서울특별시,NO_EXACT_MUNICIPALITY_TOWNSHIP_TOKENS,0,
ro975,서울,파리문화공원,서울 양천구 목동 906 · 한국관광공사 연관 관광지 · 카카오 좌표,0,0,,서울특별시,NO_EXACT_MUNICIPALITY_TOWNSHIP_TOKENS,0,
ro976,서울,노들나루공원,서울 동작구 노량진로 247 · 한국관광공사 연관 관광지 · 카카오 좌표,0,0,,서울특별시,NO_EXACT_MUNICIPALITY_TOWNSHIP_TOKENS,0,
rs1,삼척,쏠비치 삼척,강원특별자치도 삼척시 수로부인길 453 · 한국관광공사 연관 관광지(숙박) · 카카오 좌표,0,0,,강원특별자치도,NO_EXACT_MUNICIPALITY_TOWNSHIP_TOKENS,0,
rs2,고성(강원),소노캄 델피노,강원특별자치도 고성군 토성면 미시령옛길 1153 · 한국관광공사 연관 관광지(숙박) · 카카오 좌표,1,0,,강원특별자치도,MATCH_CANDIDATE,1,강원특별자치도 고성군 토성면
rs3,고성(강원),소노벨 델피노,강원특별자치도 고성군 토성면 미시령옛길 1153 · 한국관광공사 연관 관광지(숙박) · 카카오 좌표,1,0,,강원특별자치도,MATCH_CANDIDATE,1,강원특별자치도 고성군 토성면
rs4,속초,한화리조트 설악 쏘라노,강원특별자치도 속초시 미시령로2983번길 111 · 한국관광공사 연관 관광지(숙박) · 카카오 좌표,0,0,,강원특별자치도,NO_EXACT_MUNICIPALITY_TOWNSHIP_TOKENS,0,
rs5,속초,현대수리조트,강원특별자치도 속초시 이목로 153 · 한국관광공사 연관 관광지(숙박) · 카카오 좌표,0,0,,강원특별자치도,NO_EXACT_MUNICIPALITY_TOWNSHIP_TOKENS,0,
rs6,속초,체스터톤스속초,강원특별자치도 속초시 엑스포로 109 · 한국관광공사 연관 관광지(숙박) · 카카오 좌표,0,0,,강원특별자치도,NO_EXACT_MUNICIPALITY_TOWNSHIP_TOKENS,0,
rs7,양양,쏠비치 양양,강원특별자치도 양양군 손양면 선사유적로 678 · 한국관광공사 연관 관광지(숙박) · 카카오 좌표,1,0,,강원특별자치도,MATCH_CANDIDATE,1,강원특별자치도 양양군 손양면
rs8,통영,금호리조트 통영마리나,경남 통영시 큰발개1길 33 · 한국관광공사 연관 관광지(숙박) · 카카오 좌표,0,0,,경상남도,NO_EXACT_MUNICIPALITY_TOWNSHIP_TOKENS,0,
rs9,속초,금호리조트 설악,강원특별자치도 속초시 사당골길 43 · 한국관광공사 연관 관광지(숙박) · 카카오 좌표,0,0,,강원특별자치도,NO_EXACT_MUNICIPALITY_TOWNSHIP_TOKENS,0,
rs10,속초,속초 아이파크스위트 호텔앤리조트,강원특별자치도 속초시 중앙로 266 · 한국관광공사 연관 관광지(숙박) · 카카오 좌표,0,0,,강원특별자치도,NO_EXACT_MUNICIPALITY_TOWNSHIP_TOKENS,0,
rs11,고성(강원),소노펠리체 빌리지 델피노,강원특별자치도 고성군 토성면 미시령옛길 1153 · 한국관광공사 연관 관광지(숙박) · 카카오 좌표,1,0,,강원특별자치도,MATCH_CANDIDATE,1,강원특별자치도 고성군 토성면
rs12,고성(강원),켄싱턴리조트 설악비치,강원특별자치도 고성군 토성면 동해대로 4800 · 한국관광공사 연관 관광지(숙박) · 카카오 좌표,1,0,,강원특별자치도,MATCH_CANDIDATE,1,강원특별자치도 고성군 토성면
rs13,여수,소노캄 여수,전남광주통합특별시 여수시 오동도로 111 · 한국관광공사 연관 관광지(숙박) · 카카오 좌표,0,0,,전남광주통합특별시,NO_EXACT_MUNICIPALITY_TOWNSHIP_TOKENS,0,
rs14,인천,인스파이어 엔터테인먼트 리조트,인천 영종구 공항문화로 127 · 한국관광공사 연관 관광지(숙박) · 카카오 좌표,0,0,,인천광역시,NO_EXACT_MUNICIPALITY_TOWNSHIP_TOKENS,0,
rs15,강릉,썬크루즈호텔&리조트,강원특별자치도 강릉시 강동면 헌화로 950-39 · 한국관광공사 연관 관광지(숙박) · 카카오 좌표,1,0,,강원특별자치도,MATCH_CANDIDATE,1,강원특별자치도 강릉시 강동면
rs16,경주,한화리조트 경주 에톤,경북 경주시 보문로 182-27 · 한국관광공사 연관 관광지(숙박) · 카카오 좌표,0,0,,경상북도,NO_EXACT_MUNICIPALITY_TOWNSHIP_TOKENS,0,
rs17,영덕,파나크 영덕 바이소노벨,경북 영덕군 강구면 해상공원길 200 · 한국관광공사 연관 관광지(숙박) · 카카오 좌표,1,0,,경상북도,MATCH_CANDIDATE,1,경상북도 영덕군 강구면
rs18,속초,라마다호텔 속초,강원특별자치도 속초시 대포항희망길 106 · 한국관광공사 연관 관광지(숙박) · 카카오 좌표,0,0,,강원특별자치도,NO_EXACT_MUNICIPALITY_TOWNSHIP_TOKENS,0,
rs19,속초,롯데리조트 속초,강원특별자치도 속초시 대포항길 186 · 한국관광공사 연관 관광지(숙박) · 카카오 좌표,0,0,,강원특별자치도,NO_EXACT_MUNICIPALITY_TOWNSHIP_TOKENS,0,
rs20,경주,소노캄 경주,경북 경주시 보문로 402-12 · 한국관광공사 연관 관광지(숙박) · 카카오 좌표,0,0,,경상북도,NO_EXACT_MUNICIPALITY_TOWNSHIP_TOKENS,0,
rs21,강릉,SL호텔 강릉,강원특별자치도 강릉시 주문진읍 주문로 59 · 한국관광공사 연관 관광지(숙박) · 카카오 좌표,1,0,,강원특별자치도,MATCH_CANDIDATE,1,강원특별자치도 강릉시 주문진읍
rs22,여수,신라스테이 여수,전남광주통합특별시 여수시 수정3길 8 · 한국관광공사 연관 관광지(숙박) · 카카오 좌표,0,0,,전남광주통합특별시,NO_EXACT_MUNICIPALITY_TOWNSHIP_TOKENS,0,
rs23,부산,한화리조트 해운대,부산 해운대구 마린시티3로 52 · 한국관광공사 연관 관광지(숙박) · 카카오 좌표,0,0,,부산광역시,NO_EXACT_MUNICIPALITY_TOWNSHIP_TOKENS,0,
rs24,강릉,라카이샌드파인,강원특별자치도 강릉시 해안로 536 · 한국관광공사 연관 관광지(숙박) · 카카오 좌표,0,0,,강원특별자치도,NO_EXACT_MUNICIPALITY_TOWNSHIP_TOKENS,0,
rs25,태안,서초휴양소 태안점,충남 태안군 남면 안면대로 571-12 · 한국관광공사 연관 관광지(숙박) · 카카오 좌표,1,0,,충청남도,MATCH_CANDIDATE,1,충청남도 태안군 남면
rs26,강릉,탑스텐호텔,강원특별자치도 강릉시 옥계면 헌화로 455-34 · 한국관광공사 연관 관광지(숙박) · 카카오 좌표,1,0,,강원특별자치도,MATCH_CANDIDATE,1,강원특별자치도 강릉시 옥계면
rs27,여수,라마다프라자바이윈덤 여수,전남광주통합특별시 여수시 돌산읍 강남로 11 · 한국관광공사 연관 관광지(숙박) · 카카오 좌표,1,0,,전남광주통합특별시,MATCH_CANDIDATE,1,전남광주통합특별시 여수시 돌산읍
rs28,고성(강원),켄싱턴리조트 설악밸리,강원특별자치도 고성군 토성면 신평골길 8-25 · 한국관광공사 연관 관광지(숙박) · 카카오 좌표,1,0,,강원특별자치도,MATCH_CANDIDATE,1,강원특별자치도 고성군 토성면
rs29,여수,유탑마리나호텔&리조트,전남광주통합특별시 여수시 오동도로 61-15 · 한국관광공사 연관 관광지(숙박) · 카카오 좌표,0,0,,전남광주통합특별시,NO_EXACT_MUNICIPALITY_TOWNSHIP_TOKENS,0,
rs30,제주,소노벨 제주,제주특별자치도 제주시 조천읍 신북로 577 · 한국관광공사 연관 관광지(숙박) · 카카오 좌표,1,0,,제주특별자치도,MATCH_CANDIDATE,1,제주특별자치도 제주시 조천읍
rs31,부안,소노벨 변산,전북특별자치도 부안군 변산면 격포리 257 · 한국관광공사 연관 관광지(숙박) · 카카오 좌표,1,0,,전북특별자치도,MATCH_CANDIDATE,1,전북특별자치도 부안군 변산면
rs32,서울,그랜드 하얏트 서울,서울 용산구 소월로 322 · 한국관광공사 연관 관광지(숙박) · 카카오 좌표,0,0,,서울특별시,NO_EXACT_MUNICIPALITY_TOWNSHIP_TOKENS,0,
rs33,경주,라한셀렉트 경주,경북 경주시 보문로 338 · 한국관광공사 연관 관광지(숙박) · 카카오 좌표,0,0,,경상북도,NO_EXACT_MUNICIPALITY_TOWNSHIP_TOKENS,0,
rs34,통영,스탠포드호텔앤리조트 통영,경남 통영시 도남로 347 · 한국관광공사 연관 관광지(숙박) · 카카오 좌표,0,0,,경상남도,NO_EXACT_MUNICIPALITY_TOWNSHIP_TOKENS,0,
rs35,영월,탑스텐리조트 동강시스타,강원특별자치도 영월군 영월읍 사지막길 160 · 한국관광공사 연관 관광지(숙박) · 카카오 좌표,1,0,,강원특별자치도,MATCH_CANDIDATE,1,강원특별자치도 영월군 영월읍
rs36,양양,더앤리조트,강원특별자치도 양양군 현남면 개매길 260 · 한국관광공사 연관 관광지(숙박) · 카카오 좌표,1,0,,강원특별자치도,MATCH_CANDIDATE,1,강원특별자치도 양양군 현남면
rs37,동해,동해보양온천컨벤션호텔,강원특별자치도 동해시 동해대로 6285 · 한국관광공사 연관 관광지(숙박) · 카카오 좌표,0,0,,강원특별자치도,NO_EXACT_MUNICIPALITY_TOWNSHIP_TOKENS,0,
rs38,강릉,스카이베이호텔 경포,강원특별자치도 강릉시 해안로 476 · 한국관광공사 연관 관광지(숙박) · 카카오 좌표,0,0,,강원특별자치도,NO_EXACT_MUNICIPALITY_TOWNSHIP_TOKENS,0,
rs39,여수,디오션리조트,전남광주통합특별시 여수시 소호로 295 · 한국관광공사 연관 관광지(숙박) · 카카오 좌표,0,0,,전남광주통합특별시,NO_EXACT_MUNICIPALITY_TOWNSHIP_TOKENS,0,
rs40,속초,리센오션파크속초A동,강원특별자치도 속초시 해오름로 167 · 한국관광공사 연관 관광지(숙박) · 카카오 좌표,0,0,,강원특별자치도,NO_EXACT_MUNICIPALITY_TOWNSHIP_TOKENS,0,
rs41,여수,여수베네치아호텔앤스위트,전남광주통합특별시 여수시 오동도로 61-13 · 한국관광공사 연관 관광지(숙박) · 카카오 좌표,0,0,,전남광주통합특별시,NO_EXACT_MUNICIPALITY_TOWNSHIP_TOKENS,0,
rs42,경주,켄싱턴리조트 경주,경북 경주시 보문로 182-29 · 한국관광공사 연관 관광지(숙박) · 카카오 좌표,0,0,,경상북도,NO_EXACT_MUNICIPALITY_TOWNSHIP_TOKENS,0,
rs43,정선,메이힐스리조트,강원특별자치도 정선군 고한읍 물한리길 8 · 한국관광공사 연관 관광지(숙박) · 카카오 좌표,1,0,,강원특별자치도,MATCH_CANDIDATE,1,강원특별자치도 정선군 고한읍
rs44,삼척,씨스포빌,강원특별자치도 삼척시 근덕면 상맹방길 30-80 · 한국관광공사 연관 관광지(숙박) · 카카오 좌표,1,0,,강원특별자치도,MATCH_CANDIDATE,1,강원특별자치도 삼척시 근덕면
rs45,경주,경주 코오롱호텔,경북 경주시 불국로 289-17 · 한국관광공사 연관 관광지(숙박) · 카카오 좌표,0,0,,경상북도,NO_EXACT_MUNICIPALITY_TOWNSHIP_TOKENS,0,
rs46,정선,하이원리조트 힐콘도,강원특별자치도 정선군 고한읍 하이원길 424 · 한국관광공사 연관 관광지(숙박) · 카카오 좌표,1,0,,강원특별자치도,MATCH_CANDIDATE,1,강원특별자치도 정선군 고한읍
rs47,여수,오션힐호텔,전남광주통합특별시 여수시 돌산읍 강남해안로 81 · 한국관광공사 연관 관광지(숙박) · 카카오 좌표,1,0,,전남광주통합특별시,MATCH_CANDIDATE,1,전남광주통합특별시 여수시 돌산읍
rs48,여수,히든베이호텔,전남광주통합특별시 여수시 신월로 496-25 · 한국관광공사 연관 관광지(숙박) · 카카오 좌표,0,0,,전남광주통합특별시,NO_EXACT_MUNICIPALITY_TOWNSHIP_TOKENS,0,
rs49,여수,호텔헤이븐,전남광주통합특별시 여수시 돌산읍 진두해안길 131 · 한국관광공사 연관 관광지(숙박) · 카카오 좌표,1,0,,전남광주통합특별시,MATCH_CANDIDATE,1,전남광주통합특별시 여수시 돌산읍
rs50,제주,휘닉스 아일랜드,제주특별자치도 서귀포시 성산읍 섭지코지로 107 · 한국관광공사 연관 관광지(숙박) · 카카오 좌표,1,0,,제주특별자치도,MATCH_CANDIDATE,1,제주특별자치도 서귀포시 성산읍
rs51,예산,스플라스 리솜,충남 예산군 덕산면 온천단지3로 45-7 · 한국관광공사 연관 관광지(숙박) · 카카오 좌표,1,0,,충청남도,MATCH_CANDIDATE,1,충청남도 예산군 덕산면
rs52,속초,씨크루즈호텔속초,강원특별자치도 속초시 청초호반로 273 · 한국관광공사 연관 관광지(숙박) · 카카오 좌표,0,0,,강원특별자치도,NO_EXACT_MUNICIPALITY_TOWNSHIP_TOKENS,0,
rs53,양평,소노벨 양평,경기 양평군 개군면 신내길7번길 55 · 한국관광공사 연관 관광지(숙박) · 카카오 좌표,1,0,,경기도,MATCH_CANDIDATE,1,경기도 양평군 개군면
rs54,양양,디그니티호텔,강원특별자치도 양양군 양양읍 일출로 159-5 · 한국관광공사 연관 관광지(숙박) · 카카오 좌표,1,0,,강원특별자치도,MATCH_CANDIDATE,1,강원특별자치도 양양군 양양읍
rs55,여수,라테라스리조트앤스파,전남광주통합특별시 여수시 돌산읍 진모1길 29-12 · 한국관광공사 연관 관광지(숙박) · 카카오 좌표,1,0,,전남광주통합특별시,MATCH_CANDIDATE,1,전남광주통합특별시 여수시 돌산읍
rs56,속초,더블루테라호텔,강원특별자치도 속초시 동해대로 3920 · 한국관광공사 연관 관광지(숙박) · 카카오 좌표,0,0,,강원특별자치도,NO_EXACT_MUNICIPALITY_TOWNSHIP_TOKENS,0,
rs57,울진,덕구온천호텔,경북 울진군 북면 덕구온천로 924 · 한국관광공사 연관 관광지(숙박) · 카카오 좌표,1,0,,경상북도,MATCH_CANDIDATE,1,경상북도 울진군 북면
rs58,부여,롯데리조트 부여,충남 부여군 규암면 백제문로 400 · 한국관광공사 연관 관광지(숙박) · 카카오 좌표,1,0,,충청남도,MATCH_CANDIDATE,1,충청남도 부여군 규암면
rs59,서울,포시즌스 호텔 서울,서울 종로구 새문안로 97 · 한국관광공사 연관 관광지(숙박) · 카카오 좌표,0,0,,서울특별시,NO_EXACT_MUNICIPALITY_TOWNSHIP_TOKENS,0,
rs60,경주,힐튼호텔 경주,경북 경주시 보문로 484-7 · 한국관광공사 연관 관광지(숙박) · 카카오 좌표,0,0,,경상북도,NO_EXACT_MUNICIPALITY_TOWNSHIP_TOKENS,0,
rs61,평창,스테이1538 평창,강원특별자치도 평창군 대관령면 솔봉로 357 · 한국관광공사 연관 관광지(숙박) · 카카오 좌표,1,0,,강원특별자치도,MATCH_CANDIDATE,1,강원특별자치도 평창군 대관령면
rs62,속초,속초마리비스타호텔,강원특별자치도 속초시 동해대로 4027 · 한국관광공사 연관 관광지(숙박) · 카카오 좌표,0,0,,강원특별자치도,NO_EXACT_MUNICIPALITY_TOWNSHIP_TOKENS,0,
rs63,화순,금호화순스파리조트,전남광주통합특별시 화순군 백아면 옥리길 14-21 · 한국관광공사 연관 관광지(숙박) · 카카오 좌표,1,0,,전남광주통합특별시,MATCH_CANDIDATE,1,전남광주통합특별시 화순군 백아면
rs64,정선,JS그랜드팰리스,강원특별자치도 정선군 사북읍 지장천로 583 · 한국관광공사 연관 관광지(숙박) · 카카오 좌표,1,0,,강원특별자치도,MATCH_CANDIDATE,1,강원특별자치도 정선군 사북읍
rs65,목포,신안비치호텔,전남광주통합특별시 목포시 해안로 2 · 한국관광공사 연관 관광지(숙박) · 카카오 좌표,0,0,,전남광주통합특별시,NO_EXACT_MUNICIPALITY_TOWNSHIP_TOKENS,0,
rs66,양평,블룸비스타 호텔앤컨퍼런스,경기 양평군 강하면 강남로 316 · 한국관광공사 연관 관광지(숙박) · 카카오 좌표,1,0,,경기도,MATCH_CANDIDATE,1,경기도 양평군 강하면
rs67,거제,호텔리베라 거제,경남 거제시 일운면 거제대로 2190 · 한국관광공사 연관 관광지(숙박) · 카카오 좌표,1,0,,경상남도,MATCH_CANDIDATE,1,경상남도 거제시 일운면
rs68,통영,클럽ES통영리조트,경남 통영시 산양읍 척포길 628-113 · 한국관광공사 연관 관광지(숙박) · 카카오 좌표,1,0,,경상남도,MATCH_CANDIDATE,1,경상남도 통영시 산양읍
rs69,속초,썬라이즈호텔,강원특별자치도 속초시 청초호반로 291 · 한국관광공사 연관 관광지(숙박) · 카카오 좌표,0,0,,강원특별자치도,NO_EXACT_MUNICIPALITY_TOWNSHIP_TOKENS,0,
rs70,태백,태백호텔,강원특별자치도 태백시 태백산로 4761 · 한국관광공사 연관 관광지(숙박) · 카카오 좌표,0,0,,강원특별자치도,NO_EXACT_MUNICIPALITY_TOWNSHIP_TOKENS,0,
rs71,제주,그랜드조선 제주,제주특별자치도 서귀포시 중문관광로72번길 60 · 한국관광공사 연관 관광지(숙박) · 카카오 좌표,0,0,,제주특별자치도,NO_EXACT_MUNICIPALITY_TOWNSHIP_TOKENS,0,
rs72,강릉,컨피네스 오션스위트,강원특별자치도 강릉시 사천면 진리항구2길 5 · 한국관광공사 연관 관광지(숙박) · 카카오 좌표,1,0,,강원특별자치도,MATCH_CANDIDATE,1,강원특별자치도 강릉시 사천면
rs73,인천,강화씨사이드리조트,인천 강화군 길상면 장흥로 217 · 한국관광공사 연관 관광지(숙박) · 카카오 좌표,1,0,,인천광역시,MATCH_CANDIDATE,1,인천광역시 강화군 길상면
rs74,동해,동해오션시티레지던스호텔,강원특별자치도 동해시 한섬로 136-4 · 한국관광공사 연관 관광지(숙박) · 카카오 좌표,0,0,,강원특별자치도,NO_EXACT_MUNICIPALITY_TOWNSHIP_TOKENS,0,
rs75,정선,하이원리조트 마운틴콘도,강원특별자치도 정선군 고한읍 하이원길 265-1 · 한국관광공사 연관 관광지(숙박) · 카카오 좌표,1,0,,강원특별자치도,MATCH_CANDIDATE,1,강원특별자치도 정선군 고한읍
rs76,여수,여수벨메르,전남광주통합특별시 여수시 웅천남4로 17 · 한국관광공사 연관 관광지(숙박) · 카카오 좌표,0,0,,전남광주통합특별시,NO_EXACT_MUNICIPALITY_TOWNSHIP_TOKENS,0,
rs77,부안,모항해나루가족호텔,전북특별자치도 부안군 변산면 모항해변길 73 · 한국관광공사 연관 관광지(숙박) · 카카오 좌표,1,0,,전북특별자치도,MATCH_CANDIDATE,1,전북특별자치도 부안군 변산면
rs78,안동,스탠포드호텔 안동,경북 안동시 풍천면 도청대로 400 · 한국관광공사 연관 관광지(숙박) · 카카오 좌표,1,0,,경상북도,MATCH_CANDIDATE,1,경상북도 안동시 풍천면
rs79,사천,사천아르떼리조트 풀빌라,경남 사천시 해안관광로 109-10 · 한국관광공사 연관 관광지(숙박) · 카카오 좌표,0,0,,경상남도,NO_EXACT_MUNICIPALITY_TOWNSHIP_TOKENS,0,
rs80,서울,이비스 앰배서더 서울 인사동,서울 종로구 삼일대로30길 31 · 한국관광공사 연관 관광지(숙박) · 카카오 좌표,0,0,,서울특별시,NO_EXACT_MUNICIPALITY_TOWNSHIP_TOKENS,0,
rs81,단양,소노벨 단양,충북 단양군 단양읍 삼봉로 187-18 · 한국관광공사 연관 관광지(숙박) · 카카오 좌표,1,0,,충청북도,MATCH_CANDIDATE,1,충청북도 단양군 단양읍
rs82,양양,설해원,강원특별자치도 양양군 손양면 공항로 230 · 한국관광공사 연관 관광지(숙박) · 카카오 좌표,1,0,,강원특별자치도,MATCH_CANDIDATE,1,강원특별자치도 양양군 손양면
rs83,대전,계룡스파텔,대전 유성구 온천로 81 · 한국관광공사 연관 관광지(숙박) · 카카오 좌표,0,0,,대전광역시,NO_EXACT_MUNICIPALITY_TOWNSHIP_TOKENS,0,
rs84,속초,속초마리나베이,강원특별자치도 속초시 청초호반로 28 · 한국관광공사 연관 관광지(숙박) · 카카오 좌표,0,0,,강원특별자치도,NO_EXACT_MUNICIPALITY_TOWNSHIP_TOKENS,0,
rs85,강릉,씨마크호텔,강원특별자치도 강릉시 해안로406번길 2 · 한국관광공사 연관 관광지(숙박) · 카카오 좌표,0,0,,강원특별자치도,NO_EXACT_MUNICIPALITY_TOWNSHIP_TOKENS,0,
rs86,평창,켄싱턴호텔 평창,강원특별자치도 평창군 진부면 진고개로 231 · 한국관광공사 연관 관광지(숙박) · 카카오 좌표,1,0,,강원특별자치도,MATCH_CANDIDATE,1,강원특별자치도 평창군 진부면
rs87,해남,해남126호텔,전남광주통합특별시 해남군 화원면 시아로 576-33 · 한국관광공사 연관 관광지(숙박) · 카카오 좌표,1,0,,전남광주통합특별시,MATCH_CANDIDATE,1,전남광주통합특별시 해남군 화원면
rs88,목포,목포오션호텔,전남광주통합특별시 목포시 해안로279번길 3 · 한국관광공사 연관 관광지(숙박) · 카카오 좌표,0,0,,전남광주통합특별시,NO_EXACT_MUNICIPALITY_TOWNSHIP_TOKENS,0,
rs89,진주,골든튤립 호텔남강,경남 진주시 남강로673번길 16 · 한국관광공사 연관 관광지(숙박) · 카카오 좌표,0,0,,경상남도,NO_EXACT_MUNICIPALITY_TOWNSHIP_TOKENS,0,
rs90,서울,JW 메리어트 호텔 서울,서울 서초구 신반포로 176 · 한국관광공사 연관 관광지(숙박) · 카카오 좌표,0,0,,서울특별시,NO_EXACT_MUNICIPALITY_TOWNSHIP_TOKENS,0,
rs91,춘천,벨라스테이호텔 춘천,강원특별자치도 춘천시 춘천로 352 · 한국관광공사 연관 관광지(숙박) · 카카오 좌표,0,0,,강원특별자치도,NO_EXACT_MUNICIPALITY_TOWNSHIP_TOKENS,0,
rs92,제주,소노캄 제주,제주특별자치도 서귀포시 표선면 일주동로 6347-17 · 한국관광공사 연관 관광지(숙박) · 카카오 좌표,1,0,,제주특별자치도,MATCH_CANDIDATE,1,제주특별자치도 서귀포시 표선면
rs93,부산,해운대센텀호텔,부산 해운대구 센텀3로 20 · 한국관광공사 연관 관광지(숙박) · 카카오 좌표,0,0,,부산광역시,NO_EXACT_MUNICIPALITY_TOWNSHIP_TOKENS,0,
rs94,부산,시그니엘 부산,부산 해운대구 달맞이길 30 · 한국관광공사 연관 관광지(숙박) · 카카오 좌표,0,0,,부산광역시,NO_EXACT_MUNICIPALITY_TOWNSHIP_TOKENS,0,
rs95,동해,망상오토캠핑리조트,강원특별자치도 동해시 동해대로 6370 · 한국관광공사 연관 관광지(숙박) · 카카오 좌표,0,0,,강원특별자치도,NO_EXACT_MUNICIPALITY_TOWNSHIP_TOKENS,0,
rs96,양양,센텀마크호텔 양양,강원특별자치도 양양군 양양읍 한고개길 9 · 한국관광공사 연관 관광지(숙박) · 카카오 좌표,1,0,,강원특별자치도,MATCH_CANDIDATE,1,강원특별자치도 양양군 양양읍
rs97,김해,롯데호텔앤리조트 김해,경남 김해시 장유로 505 · 한국관광공사 연관 관광지(숙박) · 카카오 좌표,0,0,,경상남도,NO_EXACT_MUNICIPALITY_TOWNSHIP_TOKENS,0,
rs98,부산,해운대부민병원,부산 해운대구 해운대로 584 · 한국관광공사 연관 관광지(숙박) · 카카오 좌표,0,0,,부산광역시,NO_EXACT_MUNICIPALITY_TOWNSHIP_TOKENS,0,
rs99,천안,소노벨 천안,충남 천안시 동남구 성남면 소노로 1 · 한국관광공사 연관 관광지(숙박) · 카카오 좌표,1,0,,충청남도,MATCH_CANDIDATE,1,충청남도 천안시 동남구 성남면
rs100,하동,하동야생차박물관,경남 하동군 화개면 쌍계로 571-25 · 한국관광공사 연관 관광지(숙박) · 카카오 좌표,1,0,,경상남도,MATCH_CANDIDATE,1,경상남도 하동군 화개면
rs101,제주,더포그레이스호텔앤리조트,제주특별자치도 서귀포시 성산읍 해맞이해안로 2670 · 한국관광공사 연관 관광지(숙박) · 카카오 좌표,1,0,,제주특별자치도,MATCH_CANDIDATE,1,제주특별자치도 서귀포시 성산읍
rs102,서울,스위스 그랜드 호텔,서울 서대문구 연희로 353 · 한국관광공사 연관 관광지(숙박) · 카카오 좌표,0,0,,서울특별시,NO_EXACT_MUNICIPALITY_TOWNSHIP_TOKENS,0,
rs103,서울,해밀톤호텔,서울 용산구 이태원로 179 · 한국관광공사 연관 관광지(숙박) · 카카오 좌표,0,0,,서울특별시,NO_EXACT_MUNICIPALITY_TOWNSHIP_TOKENS,0,
rs104,경주,코모도호텔 경주,경북 경주시 보문로 422 · 한국관광공사 연관 관광지(숙박) · 카카오 좌표,0,0,,경상북도,NO_EXACT_MUNICIPALITY_TOWNSHIP_TOKENS,0,
rs105,동해,동해현진관광호텔,강원특별자치도 동해시 동굴로 125-3 · 한국관광공사 연관 관광지(숙박) · 카카오 좌표,0,0,,강원특별자치도,NO_EXACT_MUNICIPALITY_TOWNSHIP_TOKENS,0,
rs106,강릉,호텔위더스,강원특별자치도 강릉시 강동면 헌화로 920-16 · 한국관광공사 연관 관광지(숙박) · 카카오 좌표,1,0,,강원특별자치도,MATCH_CANDIDATE,1,강원특별자치도 강릉시 강동면
rs107,통영,한산호텔,경남 통영시 통영해안로 247 · 한국관광공사 연관 관광지(숙박) · 카카오 좌표,0,0,,경상남도,NO_EXACT_MUNICIPALITY_TOWNSHIP_TOKENS,0,
rs108,여주,썬밸리호텔,경기 여주시 강변유원지길 45 · 한국관광공사 연관 관광지(숙박) · 카카오 좌표,0,0,,경기도,NO_EXACT_MUNICIPALITY_TOWNSHIP_TOKENS,0,
rs109,해남,호텔써던힐,전남광주통합특별시 해남군 해남읍 교육청길 38 · 한국관광공사 연관 관광지(숙박) · 카카오 좌표,1,0,,전남광주통합특별시,MATCH_CANDIDATE,1,전남광주통합특별시 해남군 해남읍
rs110,보성,춘운서옥,전남광주통합특별시 보성군 보성읍 송재로 211-9 · 한국관광공사 연관 관광지(숙박) · 카카오 좌표,1,0,,전남광주통합특별시,MATCH_CANDIDATE,1,전남광주통합특별시 보성군 보성읍
rs111,창원,그랜드머큐어앰배서더 창원 창원호텔,경남 창원시 성산구 원이대로 332 · 한국관광공사 연관 관광지(숙박) · 카카오 좌표,0,0,,경상남도,NO_EXACT_MUNICIPALITY_TOWNSHIP_TOKENS,0,
rs112,군산,라마다바이윈덤 군산,전북특별자치도 군산시 대학로 400 · 한국관광공사 연관 관광지(숙박) · 카카오 좌표,0,0,,전북특별자치도,NO_EXACT_MUNICIPALITY_TOWNSHIP_TOKENS,0,
rs113,울진,덕구온천콘도,경북 울진군 북면 덕구온천로 921 · 한국관광공사 연관 관광지(숙박) · 카카오 좌표,1,0,,경상북도,MATCH_CANDIDATE,1,경상북도 울진군 북면
rs114,서울,콘래드 서울,서울 영등포구 국제금융로 10 · 한국관광공사 연관 관광지(숙박) · 카카오 좌표,0,0,,서울특별시,NO_EXACT_MUNICIPALITY_TOWNSHIP_TOKENS,0,
rs115,제주,켄싱턴리조트 서귀포,제주특별자치도 서귀포시 이어도로 684 · 한국관광공사 연관 관광지(숙박) · 카카오 좌표,0,0,,제주특별자치도,NO_EXACT_MUNICIPALITY_TOWNSHIP_TOKENS,0,
rs116,제주,더베스트 제주 성산 호텔,제주특별자치도 서귀포시 성산읍 동류암로 26 · 한국관광공사 연관 관광지(숙박) · 카카오 좌표,1,0,,제주특별자치도,MATCH_CANDIDATE,1,제주특별자치도 서귀포시 성산읍
rs117,제주,한화리조트 제주,제주특별자치도 제주시 명림로 575-107 · 한국관광공사 연관 관광지(숙박) · 카카오 좌표,0,0,,제주특별자치도,NO_EXACT_MUNICIPALITY_TOWNSHIP_TOKENS,0,
rs118,경주,더케이호텔 경주,경북 경주시 엑스포로 45 · 한국관광공사 연관 관광지(숙박) · 카카오 좌표,0,0,,경상북도,NO_EXACT_MUNICIPALITY_TOWNSHIP_TOKENS,0,
rs119,정선,정선랜드,강원특별자치도 정선군 사북읍 하이원길 202 · 한국관광공사 연관 관광지(숙박) · 카카오 좌표,1,0,,강원특별자치도,MATCH_CANDIDATE,1,강원특별자치도 정선군 사북읍
rs120,통영,포르투나호텔,경남 통영시 미수해안로 152 · 한국관광공사 연관 관광지(숙박) · 카카오 좌표,0,0,,경상남도,NO_EXACT_MUNICIPALITY_TOWNSHIP_TOKENS,0,
rs121,대전,롯데시티호텔 대전,대전 유성구 엑스포로123번길 33 · 한국관광공사 연관 관광지(숙박) · 카카오 좌표,0,0,,대전광역시,NO_EXACT_MUNICIPALITY_TOWNSHIP_TOKENS,0,
rs122,동해,뉴동해관광호텔,강원특별자치도 동해시 평릉길 1 · 한국관광공사 연관 관광지(숙박) · 카카오 좌표,0,0,,강원특별자치도,NO_EXACT_MUNICIPALITY_TOWNSHIP_TOKENS,0,
rs123,전주,신라스테이 전주,전북특별자치도 전주시 완산구 현무1길 10 · 한국관광공사 연관 관광지(숙박) · 카카오 좌표,0,0,,전북특별자치도,NO_EXACT_MUNICIPALITY_TOWNSHIP_TOKENS,0,
rs124,태백,오투리조트 타워콘도,강원특별자치도 태백시 서학로 861 · 한국관광공사 연관 관광지(숙박) · 카카오 좌표,0,0,,강원특별자치도,NO_EXACT_MUNICIPALITY_TOWNSHIP_TOKENS,0,
rs125,순천,호텔라움,전남광주통합특별시 순천시 하풍동길 1-1 · 한국관광공사 연관 관광지(숙박) · 카카오 좌표,0,0,,전남광주통합특별시,NO_EXACT_MUNICIPALITY_TOWNSHIP_TOKENS,0,
rs126,목포,이음호텔 목포평화광장점,전남광주통합특별시 목포시 장미로 79 · 한국관광공사 연관 관광지(숙박) · 카카오 좌표,0,0,,전남광주통합특별시,NO_EXACT_MUNICIPALITY_TOWNSHIP_TOKENS,0,
rs127,부안,태왕리조트,전북특별자치도 부안군 변산면 궁항영상길 68 · 한국관광공사 연관 관광지(숙박) · 카카오 좌표,1,0,,전북특별자치도,MATCH_CANDIDATE,1,전북특별자치도 부안군 변산면
rs128,제천,클럽이에스 제천리조트,충북 제천시 수산면 옥순봉로 1248 · 한국관광공사 연관 관광지(숙박) · 카카오 좌표,1,0,,충청북도,MATCH_CANDIDATE,1,충청북도 제천시 수산면
rs129,군산,에이본호텔 군산,전북특별자치도 군산시 해망로 10 · 한국관광공사 연관 관광지(숙박) · 카카오 좌표,0,0,,전북특별자치도,NO_EXACT_MUNICIPALITY_TOWNSHIP_TOKENS,0,
rs130,포천,한화리조트 산정호수,경기 포천시 영북면 산정호수로 402 · 한국관광공사 연관 관광지(숙박) · 카카오 좌표,1,0,,경기도,MATCH_CANDIDATE,1,경기도 포천시 영북면
rs131,가평,켄싱턴리조트 가평,경기 가평군 상면 청군로 430 · 한국관광공사 연관 관광지(숙박) · 카카오 좌표,1,0,,경기도,MATCH_CANDIDATE,1,경기도 가평군 상면
rs132,서울,롯데호텔 월드,서울 송파구 올림픽로 240 · 한국관광공사 연관 관광지(숙박) · 카카오 좌표,0,0,,서울특별시,NO_EXACT_MUNICIPALITY_TOWNSHIP_TOKENS,0,
rs133,영덕,고래불국민야영장,경북 영덕군 병곡면 고래불로 68 · 한국관광공사 연관 관광지(숙박) · 카카오 좌표,1,0,,경상북도,MATCH_CANDIDATE,1,경상북도 영덕군 병곡면
rs134,부산,롯데호텔 부산,부산 부산진구 가야대로 772 · 한국관광공사 연관 관광지(숙박) · 카카오 좌표,0,0,,부산광역시,NO_EXACT_MUNICIPALITY_TOWNSHIP_TOKENS,0,
rs135,영월,어라연 별관,강원특별자치도 영월군 영월읍 은행나무4길 20-3 · 한국관광공사 연관 관광지(숙박) · 카카오 좌표,1,0,,강원특별자치도,MATCH_CANDIDATE,1,강원특별자치도 영월군 영월읍
rs136,제주,파르나스호텔 제주,제주특별자치도 서귀포시 중문관광로72번길 100 · 한국관광공사 연관 관광지(숙박) · 카카오 좌표,0,0,,제주특별자치도,NO_EXACT_MUNICIPALITY_TOWNSHIP_TOKENS,0,
rs137,부산,신라스테이 서부산,부산 강서구 명지국제7로 38 · 한국관광공사 연관 관광지(숙박) · 카카오 좌표,0,0,,부산광역시,NO_EXACT_MUNICIPALITY_TOWNSHIP_TOKENS,0,
rs138,정선,하이원리조트 밸리콘도,강원특별자치도 정선군 고한읍 하이원길 500 · 한국관광공사 연관 관광지(숙박) · 카카오 좌표,1,0,,강원특별자치도,MATCH_CANDIDATE,1,강원특별자치도 정선군 고한읍
rs139,정선,파크로쉬리조트앤웰니스,강원특별자치도 정선군 북평면 중봉길 9-12 · 한국관광공사 연관 관광지(숙박) · 카카오 좌표,1,0,,강원특별자치도,MATCH_CANDIDATE,1,강원특별자치도 정선군 북평면
rs140,정선,파인포레스트 정선알파인리조트,강원특별자치도 정선군 북평면 중봉길 23 · 한국관광공사 연관 관광지(숙박) · 카카오 좌표,1,0,,강원특별자치도,MATCH_CANDIDATE,1,강원특별자치도 정선군 북평면
rs141,대전,라마다바이윈덤 대전,대전 유성구 계룡로 127 · 한국관광공사 연관 관광지(숙박) · 카카오 좌표,0,0,,대전광역시,NO_EXACT_MUNICIPALITY_TOWNSHIP_TOKENS,0,
rs142,통영,통영관광호텔,경남 통영시 항북길 12-9 · 한국관광공사 연관 관광지(숙박) · 카카오 좌표,0,0,,경상남도,NO_EXACT_MUNICIPALITY_TOWNSHIP_TOKENS,0,
rs143,춘천,에스턴호텔 춘천,강원특별자치도 춘천시 중앙로 193 · 한국관광공사 연관 관광지(숙박) · 카카오 좌표,0,0,,강원특별자치도,NO_EXACT_MUNICIPALITY_TOWNSHIP_TOKENS,0,
rs144,창원,토요코인호텔 창원점,경남 창원시 성산구 중앙대로 93 · 한국관광공사 연관 관광지(숙박) · 카카오 좌표,0,0,,경상남도,NO_EXACT_MUNICIPALITY_TOWNSHIP_TOKENS,0,
rs145,보령,환상의바다리조트,충남 보령시 대천항1길 67-5 · 한국관광공사 연관 관광지(숙박) · 카카오 좌표,0,0,,충청남도,NO_EXACT_MUNICIPALITY_TOWNSHIP_TOKENS,0,
rs146,서울,호텔 베르누이 서울,서울 구로구 경인로 229 · 한국관광공사 연관 관광지(숙박) · 카카오 좌표,0,0,,서울특별시,NO_EXACT_MUNICIPALITY_TOWNSHIP_TOKENS,0,
rs147,울진,라벨르호텔앤스파,경북 울진군 울진읍 월변9길 17 · 한국관광공사 연관 관광지(숙박) · 카카오 좌표,1,0,,경상북도,MATCH_CANDIDATE,1,경상북도 울진군 울진읍
rs148,서울,켄싱턴호텔 여의도,서울 영등포구 국회대로76길 16 · 한국관광공사 연관 관광지(숙박) · 카카오 좌표,0,0,,서울특별시,NO_EXACT_MUNICIPALITY_TOWNSHIP_TOKENS,0,
rs149,서울,시그니엘 서울,서울 송파구 올림픽로 300 · 한국관광공사 연관 관광지(숙박) · 카카오 좌표,0,0,,서울특별시,NO_EXACT_MUNICIPALITY_TOWNSHIP_TOKENS,0,
rs150,서울,서울올림픽파크텔,서울 송파구 올림픽로 448 · 한국관광공사 연관 관광지(숙박) · 카카오 좌표,0,0,,서울특별시,NO_EXACT_MUNICIPALITY_TOWNSHIP_TOKENS,0,
rs151,제주,성산마리나호텔,제주특별자치도 서귀포시 성산읍 고성오조로 94 · 한국관광공사 연관 관광지(숙박) · 카카오 좌표,1,0,,제주특별자치도,MATCH_CANDIDATE,1,제주특별자치도 서귀포시 성산읍
rs152,서울,이비스 스타일 앰배서더 서울 용산,서울 용산구 청파로20길 95 · 한국관광공사 연관 관광지(숙박) · 카카오 좌표,0,0,,서울특별시,NO_EXACT_MUNICIPALITY_TOWNSHIP_TOKENS,0,
rs153,제주,서귀포KAL호텔,제주특별자치도 서귀포시 칠십리로 242 · 한국관광공사 연관 관광지(숙박) · 카카오 좌표,0,0,,제주특별자치도,NO_EXACT_MUNICIPALITY_TOWNSHIP_TOKENS,0,
rs154,서울,웨스틴 서울 파르나스,서울 강남구 봉은사로 524 · 한국관광공사 연관 관광지(숙박) · 카카오 좌표,0,0,,서울특별시,NO_EXACT_MUNICIPALITY_TOWNSHIP_TOKENS,0,
rs155,대전,호텔인터시티,대전 유성구 온천로 92 · 한국관광공사 연관 관광지(숙박) · 카카오 좌표,0,0,,대전광역시,NO_EXACT_MUNICIPALITY_TOWNSHIP_TOKENS,0,
rs156,강릉,연곡해변 솔향기 캠핑장,강원특별자치도 강릉시 연곡면 해안로 1282 · 한국관광공사 연관 관광지(숙박) · 카카오 좌표,1,0,,강원특별자치도,MATCH_CANDIDATE,1,강원특별자치도 강릉시 연곡면
rs157,대전,호텔오노마 대전 오토그래프컬렉션,대전 유성구 엑스포로 1 · 한국관광공사 연관 관광지(숙박) · 카카오 좌표,0,0,,대전광역시,NO_EXACT_MUNICIPALITY_TOWNSHIP_TOKENS,0,
rs158,정선,하이원그랜드호텔,강원특별자치도 정선군 사북읍 하이원길 265 · 한국관광공사 연관 관광지(숙박) · 카카오 좌표,1,0,,강원특별자치도,MATCH_CANDIDATE,1,강원특별자치도 정선군 사북읍
rs159,철원,한탄리버스파호텔,강원특별자치도 철원군 동송읍 태봉로 1799-22 · 한국관광공사 연관 관광지(숙박) · 카카오 좌표,1,0,,강원특별자치도,MATCH_CANDIDATE,1,강원특별자치도 철원군 동송읍
rs160,순천,호텔지뜨,전남광주통합특별시 순천시 팔마2길 11 · 한국관광공사 연관 관광지(숙박) · 카카오 좌표,0,0,,전남광주통합특별시,NO_EXACT_MUNICIPALITY_TOWNSHIP_TOKENS,0,
rs161,남해,남해스포츠파크호텔,경남 남해군 서면 스포츠파크길 73 · 한국관광공사 연관 관광지(숙박) · 카카오 좌표,1,0,,경상남도,MATCH_CANDIDATE,1,경상남도 남해군 서면
rs162,천안,신라스테이 천안,충남 천안시 서북구 동서대로 177 · 한국관광공사 연관 관광지(숙박) · 카카오 좌표,0,0,,충청남도,NO_EXACT_MUNICIPALITY_TOWNSHIP_TOKENS,0,
rs163,영주,소백산풍기온천리조트,경북 영주시 풍기읍 죽령로 1400 · 한국관광공사 연관 관광지(숙박) · 카카오 좌표,1,0,,경상북도,MATCH_CANDIDATE,1,경상북도 영주시 풍기읍
rs164,군산,군산스테이호텔,전북특별자치도 군산시 성산면 철새로 56 · 한국관광공사 연관 관광지(숙박) · 카카오 좌표,1,0,,전북특별자치도,MATCH_CANDIDATE,1,전북특별자치도 군산시 성산면
rs165,서산,베니키아호텔 서산,충남 서산시 안견로 465 · 한국관광공사 연관 관광지(숙박) · 카카오 좌표,0,0,,충청남도,NO_EXACT_MUNICIPALITY_TOWNSHIP_TOKENS,0,
rs166,양평,더힐하우스호텔 양평,경기 양평군 강하면 강남로 489 · 한국관광공사 연관 관광지(숙박) · 카카오 좌표,1,0,,경기도,MATCH_CANDIDATE,1,경기도 양평군 강하면
rs167,익산,탑클라우드호텔 익산점,전북특별자치도 익산시 인북로 10 · 한국관광공사 연관 관광지(숙박) · 카카오 좌표,0,0,,전북특별자치도,NO_EXACT_MUNICIPALITY_TOWNSHIP_TOKENS,0,
rs168,아산,온양관광호텔,충남 아산시 온천대로 1459 · 한국관광공사 연관 관광지(숙박) · 카카오 좌표,0,0,,충청남도,NO_EXACT_MUNICIPALITY_TOWNSHIP_TOKENS,0,
rs169,부안,모항레저타운,전북특별자치도 부안군 변산면 변산로 3554-9 · 한국관광공사 연관 관광지(숙박) · 카카오 좌표,1,0,,전북특별자치도,MATCH_CANDIDATE,1,전북특별자치도 부안군 변산면
rs170,서울,글래드 여의도,서울 영등포구 의사당대로 16 · 한국관광공사 연관 관광지(숙박) · 카카오 좌표,0,0,,서울특별시,NO_EXACT_MUNICIPALITY_TOWNSHIP_TOKENS,0,
rs171,보령,토모노야 호텔&료칸 대천점,충남 보령시 해안로 341 · 한국관광공사 연관 관광지(숙박) · 카카오 좌표,0,0,,충청남도,NO_EXACT_MUNICIPALITY_TOWNSHIP_TOKENS,0,
rs172,서울,그랜드인터컨티넨탈 서울파르나스,서울 강남구 테헤란로 521 · 한국관광공사 연관 관광지(숙박) · 카카오 좌표,0,0,,서울특별시,NO_EXACT_MUNICIPALITY_TOWNSHIP_TOKENS,0,
rs173,경기광주,곤지암리조트,경기 광주시 도척면 도척윗로 278 · 한국관광공사 연관 관광지(숙박) · 카카오 좌표,1,0,,경기도,MATCH_CANDIDATE,1,경기도 광주시 도척면
rs174,서울,삼정호텔,서울 강남구 봉은사로 150 · 한국관광공사 연관 관광지(숙박) · 카카오 좌표,0,0,,서울특별시,NO_EXACT_MUNICIPALITY_TOWNSHIP_TOKENS,0,
rs175,서울,오라카이 인사동 스위츠,서울 종로구 인사동4길 18 · 한국관광공사 연관 관광지(숙박) · 카카오 좌표,0,0,,서울특별시,NO_EXACT_MUNICIPALITY_TOWNSHIP_TOKENS,0,
rs176,서울,머큐어 서울 마곡,서울 강서구 마곡중앙로 143 · 한국관광공사 연관 관광지(숙박) · 카카오 좌표,0,0,,서울특별시,NO_EXACT_MUNICIPALITY_TOWNSHIP_TOKENS,0,
rs177,부산,해운대센트럴호텔,부산 해운대구 해운대해변로298번길 33 · 한국관광공사 연관 관광지(숙박) · 카카오 좌표,0,0,,부산광역시,NO_EXACT_MUNICIPALITY_TOWNSHIP_TOKENS,0,
rs178,부산,그랜드조선 부산,부산 해운대구 해운대해변로 292 · 한국관광공사 연관 관광지(숙박) · 카카오 좌표,0,0,,부산광역시,NO_EXACT_MUNICIPALITY_TOWNSHIP_TOKENS,0,
rs179,부산,코오롱씨클라우드호텔,부산 해운대구 해운대해변로 287 · 한국관광공사 연관 관광지(숙박) · 카카오 좌표,0,0,,부산광역시,NO_EXACT_MUNICIPALITY_TOWNSHIP_TOKENS,0,
rs180,부산,동부산온천호텔,부산 기장군 장안읍 장안로 38 · 한국관광공사 연관 관광지(숙박) · 카카오 좌표,1,0,,부산광역시,MATCH_CANDIDATE,1,부산광역시 기장군 장안읍
rs181,부산,웨스틴조선 부산,부산 해운대구 동백로 67 · 한국관광공사 연관 관광지(숙박) · 카카오 좌표,0,0,,부산광역시,NO_EXACT_MUNICIPALITY_TOWNSHIP_TOKENS,0,
rs182,제주,봄그리고가을 리조트,제주특별자치도 서귀포시 성산읍 해맞이해안로 2660 · 한국관광공사 연관 관광지(숙박) · 카카오 좌표,1,0,,제주특별자치도,MATCH_CANDIDATE,1,제주특별자치도 서귀포시 성산읍
rs183,제천,레스트리리솜,충북 제천시 백운면 금봉로 365 · 한국관광공사 연관 관광지(숙박) · 카카오 좌표,1,0,,충청북도,MATCH_CANDIDATE,1,충청북도 제천시 백운면
rs184,경주,강동리조트,경북 경주시 천군로 95-32 · 한국관광공사 연관 관광지(숙박) · 카카오 좌표,0,0,,경상북도,NO_EXACT_MUNICIPALITY_TOWNSHIP_TOKENS,0,
rs185,충주,수안보상록호텔,충북 충주시 수안보면 주정산로 22 · 한국관광공사 연관 관광지(숙박) · 카카오 좌표,1,0,,충청북도,MATCH_CANDIDATE,1,충청북도 충주시 수안보면
rs186,거제,바람의언덕 호텔&리조트,경남 거제시 남부면 해금강로 132 · 한국관광공사 연관 관광지(숙박) · 카카오 좌표,1,0,,경상남도,MATCH_CANDIDATE,1,경상남도 거제시 남부면
rs187,동해,코스모스호텔,강원특별자치도 동해시 한섬로 114-4 · 한국관광공사 연관 관광지(숙박) · 카카오 좌표,0,0,,강원특별자치도,NO_EXACT_MUNICIPALITY_TOWNSHIP_TOKENS,0,
rs188,정선,하이원팰리스호텔,강원특별자치도 정선군 고한읍 고한7길 399 · 한국관광공사 연관 관광지(숙박) · 카카오 좌표,1,0,,강원특별자치도,MATCH_CANDIDATE,1,강원특별자치도 정선군 고한읍
rs189,전주,글로스터호텔 전주,전북특별자치도 전주시 완산구 팔달로 227 · 한국관광공사 연관 관광지(숙박) · 카카오 좌표,0,0,,전북특별자치도,NO_EXACT_MUNICIPALITY_TOWNSHIP_TOKENS,0,
rs190,양양,세인트더스위트 양양,강원특별자치도 양양군 강현면 일출로 31-20 · 한국관광공사 연관 관광지(숙박) · 카카오 좌표,1,0,,강원특별자치도,MATCH_CANDIDATE,1,강원특별자치도 양양군 강현면
rs191,강릉,베니키아호텔 산과바다주문진리조트,강원특별자치도 강릉시 주문진읍 해안로 2070 · 한국관광공사 연관 관광지(숙박) · 카카오 좌표,1,0,,강원특별자치도,MATCH_CANDIDATE,1,강원특별자치도 강릉시 주문진읍
rs192,속초,호텔마레몬스,강원특별자치도 속초시 동해대로 3705 · 한국관광공사 연관 관광지(숙박) · 카카오 좌표,0,0,,강원특별자치도,NO_EXACT_MUNICIPALITY_TOWNSHIP_TOKENS,0,
rs193,태백,태백산국립공원 소도야영장,강원특별자치도 태백시 천제단길 181 · 한국관광공사 연관 관광지(숙박) · 카카오 좌표,0,0,,강원특별자치도,NO_EXACT_MUNICIPALITY_TOWNSHIP_TOKENS,0,
rs194,여수,하이락리조트,전남광주통합특별시 여수시 돌산읍 마상포길 40 · 한국관광공사 연관 관광지(숙박) · 카카오 좌표,1,0,,전남광주통합특별시,MATCH_CANDIDATE,1,전남광주통합특별시 여수시 돌산읍
rs195,청주,엔포드호텔,충북 청주시 청원구 충청대로 114 · 한국관광공사 연관 관광지(숙박) · 카카오 좌표,0,0,,충청북도,NO_EXACT_MUNICIPALITY_TOWNSHIP_TOKENS,0,
rs196,안동,안동그랜드호텔,경북 안동시 관광단지로 346-84 · 한국관광공사 연관 관광지(숙박) · 카카오 좌표,0,0,,경상북도,NO_EXACT_MUNICIPALITY_TOWNSHIP_TOKENS,0,
rs197,인천,글로스터호텔 인천,인천 남동구 소래역로 36 · 한국관광공사 연관 관광지(숙박) · 카카오 좌표,0,0,,인천광역시,NO_EXACT_MUNICIPALITY_TOWNSHIP_TOKENS,0,
rs198,인천,하버파크호텔,인천 제물포구 제물량로 217 · 한국관광공사 연관 관광지(숙박) · 카카오 좌표,0,0,,인천광역시,NO_EXACT_MUNICIPALITY_TOWNSHIP_TOKENS,0,
rs199,안동,월영호텔 바이 뉴시즈,경북 안동시 서동문로 30 · 한국관광공사 연관 관광지(숙박) · 카카오 좌표,0,0,,경상북도,NO_EXACT_MUNICIPALITY_TOWNSHIP_TOKENS,0,
rs200,춘천,엘리시안강촌,강원특별자치도 춘천시 남산면 북한강변길 688 · 한국관광공사 연관 관광지(숙박) · 카카오 좌표,1,0,,강원특별자치도,MATCH_CANDIDATE,1,강원특별자치도 춘천시 남산면
rs201,춘천,더잭슨나인스호텔,강원특별자치도 춘천시 중앙로 193 · 한국관광공사 연관 관광지(숙박) · 카카오 좌표,0,0,,강원특별자치도,NO_EXACT_MUNICIPALITY_TOWNSHIP_TOKENS,0,
rs202,울릉,코스모스 울릉도,경북 울릉군 북면 추산길 88-13 · 한국관광공사 연관 관광지(숙박) · 카카오 좌표,1,0,,경상북도,MATCH_CANDIDATE,1,경상북도 울릉군 북면
rs203,울릉,학포야영장,경북 울릉군 서면 학포길 133-11 · 한국관광공사 연관 관광지(숙박) · 카카오 좌표,1,0,,경상북도,MATCH_CANDIDATE,1,경상북도 울릉군 서면
rs204,태안,캐시미르,충남 태안군 태안읍 안면대로 70-1 · 한국관광공사 연관 관광지(숙박) · 카카오 좌표,1,0,,충청남도,MATCH_CANDIDATE,1,충청남도 태안군 태안읍
rs205,공주,파크오브드림,충남 공주시 반포면 동학사1로 46 · 한국관광공사 연관 관광지(숙박) · 카카오 좌표,1,0,,충청남도,MATCH_CANDIDATE,1,충청남도 공주시 반포면
rs206,남해,이제 남해,경남 남해군 삼동면 양화금로 59-7 · 한국관광공사 연관 관광지(숙박) · 카카오 좌표,1,0,,경상남도,MATCH_CANDIDATE,1,경상남도 남해군 삼동면
rs207,보령,호텔쏠레르,충남 보령시 해수욕장8길 28 · 한국관광공사 연관 관광지(숙박) · 카카오 좌표,0,0,,충청남도,NO_EXACT_MUNICIPALITY_TOWNSHIP_TOKENS,0,
rs208,울진,울진그랜드호텔,경북 울진군 울진읍 현내항길 97 · 한국관광공사 연관 관광지(숙박) · 카카오 좌표,1,0,,경상북도,MATCH_CANDIDATE,1,경상북도 울진군 울진읍
rs209,서울,신라스테이 역삼,서울 강남구 언주로 517 · 한국관광공사 연관 관광지(숙박) · 카카오 좌표,0,0,,서울특별시,NO_EXACT_MUNICIPALITY_TOWNSHIP_TOKENS,0,
rs210,서울,노보텔 앰배서더 서울 강남,서울 강남구 봉은사로 130 · 한국관광공사 연관 관광지(숙박) · 카카오 좌표,0,0,,서울특별시,NO_EXACT_MUNICIPALITY_TOWNSHIP_TOKENS,0,
rs211,부산,L7 해운대바이롯데,부산 해운대구 해운대로570번길 55 · 한국관광공사 연관 관광지(숙박) · 카카오 좌표,0,0,,부산광역시,NO_EXACT_MUNICIPALITY_TOWNSHIP_TOKENS,0,
rs212,부산,해운대영무파라드호텔,부산 해운대구 해운대해변로298번길 25 · 한국관광공사 연관 관광지(숙박) · 카카오 좌표,0,0,,부산광역시,NO_EXACT_MUNICIPALITY_TOWNSHIP_TOKENS,0,
rs213,부산,하단 레이어스호텔점,부산 사하구 낙동남로 1395 · 한국관광공사 연관 관광지(숙박) · 카카오 좌표,0,0,,부산광역시,NO_EXACT_MUNICIPALITY_TOWNSHIP_TOKENS,0,
rs214,제주,호텔골든데이지 서귀포오션,제주특별자치도 서귀포시 동홍로 7 · 한국관광공사 연관 관광지(숙박) · 카카오 좌표,0,0,,제주특별자치도,NO_EXACT_MUNICIPALITY_TOWNSHIP_TOKENS,0,
rs215,인제,인제스피디움 호텔,강원특별자치도 인제군 기린면 상하답로 130 · 한국관광공사 연관 관광지(숙박) · 카카오 좌표,1,0,,강원특별자치도,MATCH_CANDIDATE,1,강원특별자치도 인제군 기린면
rs216,제주,서귀포월드컵리조트,제주특별자치도 서귀포시 월드컵로45번길 40 · 한국관광공사 연관 관광지(숙박) · 카카오 좌표,0,0,,제주특별자치도,NO_EXACT_MUNICIPALITY_TOWNSHIP_TOKENS,0,
rs217,제주,그랜드하얏트 제주,제주특별자치도 제주시 노연로 12 · 한국관광공사 연관 관광지(숙박) · 카카오 좌표,0,0,,제주특별자치도,NO_EXACT_MUNICIPALITY_TOWNSHIP_TOKENS,0,
rs218,서울,몬드리안 서울이태원,서울 용산구 장문로 23 · 한국관광공사 연관 관광지(숙박) · 카카오 좌표,0,0,,서울특별시,NO_EXACT_MUNICIPALITY_TOWNSHIP_TOKENS,0,
rs219,제주,탐라스테이호텔제주,제주특별자치도 제주시 애월읍 애월해안로 881 · 한국관광공사 연관 관광지(숙박) · 카카오 좌표,1,0,,제주특별자치도,MATCH_CANDIDATE,1,제주특별자치도 제주시 애월읍
rs220,당진,어반스테이 당진터미널,충남 당진시 수청5길 38 · 한국관광공사 연관 관광지(숙박) · 카카오 좌표,0,0,,충청남도,NO_EXACT_MUNICIPALITY_TOWNSHIP_TOKENS,0,
rs221,제주,호텔더본 제주,제주특별자치도 서귀포시 색달로 18 · 한국관광공사 연관 관광지(숙박) · 카카오 좌표,0,0,,제주특별자치도,NO_EXACT_MUNICIPALITY_TOWNSHIP_TOKENS,0,
rs222,제주,더 시에나 리조트,제주특별자치도 서귀포시 용흥로66번길 158-8 · 한국관광공사 연관 관광지(숙박) · 카카오 좌표,0,0,,제주특별자치도,NO_EXACT_MUNICIPALITY_TOWNSHIP_TOKENS,0,
rs223,서울,호텔파크하비오,서울 송파구 송파대로 111 · 한국관광공사 연관 관광지(숙박) · 카카오 좌표,0,0,,서울특별시,NO_EXACT_MUNICIPALITY_TOWNSHIP_TOKENS,0,
rs224,하동,비바체리조트,경남 하동군 청암면 청학로 876 · 한국관광공사 연관 관광지(숙박) · 카카오 좌표,1,0,,경상남도,MATCH_CANDIDATE,1,경상남도 하동군 청암면
rs225,거제,스터번호텔,경남 거제시 동부면 학동7길 2 · 한국관광공사 연관 관광지(숙박) · 카카오 좌표,1,0,,경상남도,MATCH_CANDIDATE,1,경상남도 거제시 동부면
rs226,정선,하이원그랜드호텔 컨벤션타워,강원특별자치도 정선군 사북읍 하이원길 265 · 한국관광공사 연관 관광지(숙박) · 카카오 좌표,1,0,,강원특별자치도,MATCH_CANDIDATE,1,강원특별자치도 정선군 사북읍
rs227,경주,경주시티호텔,경북 경주시 북성로 127 · 한국관광공사 연관 관광지(숙박) · 카카오 좌표,0,0,,경상북도,NO_EXACT_MUNICIPALITY_TOWNSHIP_TOKENS,0,
rs228,정선,트라움밸리호텔,강원특별자치도 정선군 사북읍 지장천로 583 · 한국관광공사 연관 관광지(숙박) · 카카오 좌표,1,0,,강원특별자치도,MATCH_CANDIDATE,1,강원특별자치도 정선군 사북읍
rs229,전주,베스트웨스턴플러스 전주호텔,전북특별자치도 전주시 완산구 현무1길 41 · 한국관광공사 연관 관광지(숙박) · 카카오 좌표,0,0,,전북특별자치도,NO_EXACT_MUNICIPALITY_TOWNSHIP_TOKENS,0,
rs230,태백,매봉산 천상의 숲,강원특별자치도 태백시 백두대간로 563 · 한국관광공사 연관 관광지(숙박) · 카카오 좌표,0,0,,강원특별자치도,NO_EXACT_MUNICIPALITY_TOWNSHIP_TOKENS,0,
rs231,양양,E7양양죽도호텔,강원특별자치도 양양군 현남면 동산큰길 21 · 한국관광공사 연관 관광지(숙박) · 카카오 좌표,1,0,,강원특별자치도,MATCH_CANDIDATE,1,강원특별자치도 양양군 현남면
rs232,인천,라마다송도호텔,인천 연수구 능허대로267번길 29 · 한국관광공사 연관 관광지(숙박) · 카카오 좌표,0,0,,인천광역시,NO_EXACT_MUNICIPALITY_TOWNSHIP_TOKENS,0,
rs233,진주,아시아레이크사이드호텔,경남 진주시 남강로1번길 133 · 한국관광공사 연관 관광지(숙박) · 카카오 좌표,0,0,,경상남도,NO_EXACT_MUNICIPALITY_TOWNSHIP_TOKENS,0,
rs234,속초,팜파스호텔&리조트,강원특별자치도 속초시 동해대로 3964 · 한국관광공사 연관 관광지(숙박) · 카카오 좌표,0,0,,강원특별자치도,NO_EXACT_MUNICIPALITY_TOWNSHIP_TOKENS,0,
rs235,양양,다이아메르호텔 속초 양양 바이 스테이네오,강원특별자치도 양양군 강현면 물치3길 4-57 · 한국관광공사 연관 관광지(숙박) · 카카오 좌표,1,0,,강원특별자치도,MATCH_CANDIDATE,1,강원특별자치도 양양군 강현면
rs236,강릉,스테이안목을담다,강원특별자치도 강릉시 창해로14번길 16 · 한국관광공사 연관 관광지(숙박) · 카카오 좌표,0,0,,강원특별자치도,NO_EXACT_MUNICIPALITY_TOWNSHIP_TOKENS,0,
rs237,인천,오션파크나인호텔,인천 영종구 영종진광장로 10 · 한국관광공사 연관 관광지(숙박) · 카카오 좌표,0,0,,인천광역시,NO_EXACT_MUNICIPALITY_TOWNSHIP_TOKENS,0,
rs238,안동,브라운도트호텔 안동태화점,경북 안동시 대안로 34 · 한국관광공사 연관 관광지(숙박) · 카카오 좌표,0,0,,경상북도,NO_EXACT_MUNICIPALITY_TOWNSHIP_TOKENS,0,
rs239,안동,브라운도트 안동문화의거리점,경북 안동시 문화광장길 16-13 · 한국관광공사 연관 관광지(숙박) · 카카오 좌표,0,0,,경상북도,NO_EXACT_MUNICIPALITY_TOWNSHIP_TOKENS,0,
rs240,안동,브라운도트 풍산점,경북 안동시 풍산읍 풍산태사로 1023-6 · 한국관광공사 연관 관광지(숙박) · 카카오 좌표,1,0,,경상북도,MATCH_CANDIDATE,1,경상북도 안동시 풍산읍
rs241,부여,부여파크아트빌라스,충남 부여군 규암면 서궁로 129 · 한국관광공사 연관 관광지(숙박) · 카카오 좌표,1,0,,충청남도,MATCH_CANDIDATE,1,충청남도 부여군 규암면
rs242,군산,베스트웨스턴호텔 군산,전북특별자치도 군산시 새만금북로 435 · 한국관광공사 연관 관광지(숙박) · 카카오 좌표,0,0,,전북특별자치도,NO_EXACT_MUNICIPALITY_TOWNSHIP_TOKENS,0,
rs243,상주,브라운도트호텔 상주점,경북 상주시 복룡냉림길 16 · 한국관광공사 연관 관광지(숙박) · 카카오 좌표,0,0,,경상북도,NO_EXACT_MUNICIPALITY_TOWNSHIP_TOKENS,0,
rs244,남원,산리지호텔,전북특별자치도 남원시 소리길 124 · 한국관광공사 연관 관광지(숙박) · 카카오 좌표,0,0,,전북특별자치도,NO_EXACT_MUNICIPALITY_TOWNSHIP_TOKENS,0,
rs245,가평,아난티 코드,경기 가평군 설악면 유명로 1007-90 · 한국관광공사 연관 관광지(숙박) · 카카오 좌표,1,0,,경기도,MATCH_CANDIDATE,1,경기도 가평군 설악면
rs246,군산,노을바다펜션,전북특별자치도 군산시 옥도면 선유도2길 71 · 한국관광공사 연관 관광지(숙박) · 카카오 좌표,1,0,,전북특별자치도,MATCH_CANDIDATE,1,전북특별자치도 군산시 옥도면
rs247,양평,데이지호텔 양평,경기 양평군 용문면 경강로 2742 · 한국관광공사 연관 관광지(숙박) · 카카오 좌표,1,0,,경기도,MATCH_CANDIDATE,1,경기도 양평군 용문면
rs248,공주,공주호텔,충남 공주시 전막2길 10-6 · 한국관광공사 연관 관광지(숙박) · 카카오 좌표,0,0,,충청남도,NO_EXACT_MUNICIPALITY_TOWNSHIP_TOKENS,0,
rs249,아산,아산온천호텔,충남 아산시 음봉면 아산온천로 217-7 · 한국관광공사 연관 관광지(숙박) · 카카오 좌표,1,0,,충청남도,MATCH_CANDIDATE,1,충청남도 아산시 음봉면
rs250,창원,호텔인터내셔널,경남 창원시 성산구 중앙대로 69 · 한국관광공사 연관 관광지(숙박) · 카카오 좌표,0,0,,경상남도,NO_EXACT_MUNICIPALITY_TOWNSHIP_TOKENS,0,
rs251,태안,호텔마리스테이 태안,충남 태안군 태안읍 군청7길 13-12 · 한국관광공사 연관 관광지(숙박) · 카카오 좌표,1,0,,충청남도,MATCH_CANDIDATE,1,충청남도 태안군 태안읍
rs252,가평,자라섬캠핑장,경기 가평군 가평읍 자라섬로 60 · 한국관광공사 연관 관광지(숙박) · 카카오 좌표,1,0,,경기도,MATCH_CANDIDATE,1,경기도 가평군 가평읍
rs253,아산,베스트웨스턴 아산호텔,충남 아산시 탕정면 온샘로 32 · 한국관광공사 연관 관광지(숙박) · 카카오 좌표,1,0,,충청남도,MATCH_CANDIDATE,1,충청남도 아산시 탕정면
rs254,단양,한국호텔관광고등학교,충북 단양군 단성면 북상하리길 69 · 한국관광공사 연관 관광지(숙박) · 카카오 좌표,1,0,,충청북도,MATCH_CANDIDATE,1,충청북도 단양군 단성면
rs255,보령,국군대천콘도,충남 보령시 갓바위1길 10-30 · 한국관광공사 연관 관광지(숙박) · 카카오 좌표,0,0,,충청남도,NO_EXACT_MUNICIPALITY_TOWNSHIP_TOKENS,0,
rs256,서울,안토 서울,서울 강북구 삼양로 689 · 한국관광공사 연관 관광지(숙박) · 카카오 좌표,0,0,,서울특별시,NO_EXACT_MUNICIPALITY_TOWNSHIP_TOKENS,0,
rs257,영덕,호텔글로리엘,경북 영덕군 강구면 삼사길 109 · 한국관광공사 연관 관광지(숙박) · 카카오 좌표,1,0,,경상북도,MATCH_CANDIDATE,1,경상북도 영덕군 강구면
rs258,보령,엘리스테이 보령,충남 보령시 웅천읍 독산로 746 · 한국관광공사 연관 관광지(숙박) · 카카오 좌표,1,0,,충청남도,MATCH_CANDIDATE,1,충청남도 보령시 웅천읍
rs259,서울,신라스테이 서대문,서울 서대문구 충정로 76 · 한국관광공사 연관 관광지(숙박) · 카카오 좌표,0,0,,서울특별시,NO_EXACT_MUNICIPALITY_TOWNSHIP_TOKENS,0,
rs260,서울,서울가든호텔,서울 마포구 마포대로 58 · 한국관광공사 연관 관광지(숙박) · 카카오 좌표,0,0,,서울특별시,NO_EXACT_MUNICIPALITY_TOWNSHIP_TOKENS,0,
rs261,서울,그랜드 머큐어 앰배서더 호텔 앤 레지던스 서울 용산,서울 용산구 청파로20길 95 · 한국관광공사 연관 관광지(숙박) · 카카오 좌표,0,0,,서울특별시,NO_EXACT_MUNICIPALITY_TOWNSHIP_TOKENS,0,
rs262,서울,인터시티서울호텔,서울 강서구 마곡중앙6로 76-3 · 한국관광공사 연관 관광지(숙박) · 카카오 좌표,0,0,,서울특별시,NO_EXACT_MUNICIPALITY_TOWNSHIP_TOKENS,0,
rs263,부산,부산도시공사 아르피나,부산 해운대구 해운대해변로 35 · 한국관광공사 연관 관광지(숙박) · 카카오 좌표,0,0,,부산광역시,NO_EXACT_MUNICIPALITY_TOWNSHIP_TOKENS,0,
rs264,부산,호텔아쿠아펠리스,부산 수영구 광안해변로 225 · 한국관광공사 연관 관광지(숙박) · 카카오 좌표,0,0,,부산광역시,NO_EXACT_MUNICIPALITY_TOWNSHIP_TOKENS,0,
rs265,부산,팔라티움 해운대 바이 소노펠리체,부산 해운대구 구남로30번길 18 · 한국관광공사 연관 관광지(숙박) · 카카오 좌표,0,0,,부산광역시,NO_EXACT_MUNICIPALITY_TOWNSHIP_TOKENS,0,
rs266,부산,신라스테이 해운대,부산 해운대구 해운대로570번길 46 · 한국관광공사 연관 관광지(숙박) · 카카오 좌표,0,0,,부산광역시,NO_EXACT_MUNICIPALITY_TOWNSHIP_TOKENS,0,
rs267,평창,알펜시아 홀리데이인리조트호텔,강원특별자치도 평창군 대관령면 솔봉로 325 · 한국관광공사 연관 관광지(숙박) · 카카오 좌표,1,0,,강원특별자치도,MATCH_CANDIDATE,1,강원특별자치도 평창군 대관령면
rs268,밀양,호텔아리나,경남 밀양시 삼문강변로 82 · 한국관광공사 연관 관광지(숙박) · 카카오 좌표,0,0,,경상남도,NO_EXACT_MUNICIPALITY_TOWNSHIP_TOKENS,0,
rs269,서울,나인트리 프리미어 로카우스 호텔 서울 용산,서울 용산구 한강대로23길 25 · 한국관광공사 연관 관광지(숙박) · 카카오 좌표,0,0,,서울특별시,NO_EXACT_MUNICIPALITY_TOWNSHIP_TOKENS,0,
rs270,제주,켄싱턴리조트 제주중문,제주특별자치도 서귀포시 중문관광로72번길 29-29 · 한국관광공사 연관 관광지(숙박) · 카카오 좌표,0,0,,제주특별자치도,NO_EXACT_MUNICIPALITY_TOWNSHIP_TOKENS,0,
rs271,제주,스위트호텔 제주점,제주특별자치도 서귀포시 중문관광로72번길 67 · 한국관광공사 연관 관광지(숙박) · 카카오 좌표,0,0,,제주특별자치도,NO_EXACT_MUNICIPALITY_TOWNSHIP_TOKENS,0,
rs272,서울,서머셋팰리스 서울,서울 종로구 율곡로2길 7 · 한국관광공사 연관 관광지(숙박) · 카카오 좌표,0,0,,서울특별시,NO_EXACT_MUNICIPALITY_TOWNSHIP_TOKENS,0,
rs273,경주,체스터톤스 경주,경북 경주시 광중길 11 · 한국관광공사 연관 관광지(숙박) · 카카오 좌표,0,0,,경상북도,NO_EXACT_MUNICIPALITY_TOWNSHIP_TOKENS,0,
rs274,충주,보훈휴양원,충북 충주시 중앙탑면 수룡봉황길 553-17 · 한국관광공사 연관 관광지(숙박) · 카카오 좌표,1,0,,충청북도,MATCH_CANDIDATE,1,충청북도 충주시 중앙탑면
rs275,경주,교원프라퍼티 키녹,경북 경주시 보문로 280-12 · 한국관광공사 연관 관광지(숙박) · 카카오 좌표,0,0,,경상북도,NO_EXACT_MUNICIPALITY_TOWNSHIP_TOKENS,0,
rs276,경주,신라레거시호텔,경북 경주시 원효로 14-1 · 한국관광공사 연관 관광지(숙박) · 카카오 좌표,0,0,,경상북도,NO_EXACT_MUNICIPALITY_TOWNSHIP_TOKENS,0,
rs277,용인,선봉레스텔,경기 용인시 처인구 금학로235번길 26 · 한국관광공사 연관 관광지(숙박) · 카카오 좌표,0,0,,경기도,NO_EXACT_MUNICIPALITY_TOWNSHIP_TOKENS,0,
rs278,거제,프래밀리풀빌라호텔,경남 거제시 일운면 거제대로 2308 · 한국관광공사 연관 관광지(숙박) · 카카오 좌표,1,0,,경상남도,MATCH_CANDIDATE,1,경상남도 거제시 일운면
rs279,정선,마이애미정선호텔,강원특별자치도 정선군 고한읍 고한로 45 · 한국관광공사 연관 관광지(숙박) · 카카오 좌표,1,0,,강원특별자치도,MATCH_CANDIDATE,1,강원특별자치도 정선군 고한읍
rs280,정선,하이원리조트 마운틴콘도 아테나키친,강원특별자치도 정선군 고한읍 하이원길 265-1 · 한국관광공사 연관 관광지(숙박) · 카카오 좌표,1,0,,강원특별자치도,MATCH_CANDIDATE,1,강원특별자치도 정선군 고한읍
rs281,여수,해미리온풀빌라&리조트,전남광주통합특별시 여수시 돌산읍 몰둠벙길 72 · 한국관광공사 연관 관광지(숙박) · 카카오 좌표,1,0,,전남광주통합특별시,MATCH_CANDIDATE,1,전남광주통합특별시 여수시 돌산읍
rs282,인천,쉐라톤그랜드 인천호텔,인천 연수구 컨벤시아대로 153 · 한국관광공사 연관 관광지(숙박) · 카카오 좌표,0,0,,인천광역시,NO_EXACT_MUNICIPALITY_TOWNSHIP_TOKENS,0,
rs283,여수,호텔케니 여수,전남광주통합특별시 여수시 충무로 54-2 · 한국관광공사 연관 관광지(숙박) · 카카오 좌표,0,0,,전남광주통합특별시,NO_EXACT_MUNICIPALITY_TOWNSHIP_TOKENS,0,
rs284,청송,주왕산관광호텔,경북 청송군 청송읍 중앙로 315 · 한국관광공사 연관 관광지(숙박) · 카카오 좌표,1,0,,경상북도,MATCH_CANDIDATE,1,경상북도 청송군 청송읍
rs285,수원,노보텔 앰배서더 수원,경기 수원시 팔달구 덕영대로 902 · 한국관광공사 연관 관광지(숙박) · 카카오 좌표,0,0,,경기도,NO_EXACT_MUNICIPALITY_TOWNSHIP_TOKENS,0,
rs286,여수,깔라까따 호텔&리조트,전남광주통합특별시 여수시 돌산읍 진모1길 29-26 · 한국관광공사 연관 관광지(숙박) · 카카오 좌표,1,0,,전남광주통합특별시,MATCH_CANDIDATE,1,전남광주통합특별시 여수시 돌산읍
rs287,안동,CM파크호텔,경북 안동시 풍천면 검무로 10-17 · 한국관광공사 연관 관광지(숙박) · 카카오 좌표,1,0,,경상북도,MATCH_CANDIDATE,1,경상북도 안동시 풍천면
rs288,안동,하운드호텔 안동문화의거리점,경북 안동시 동흥3길 12 · 한국관광공사 연관 관광지(숙박) · 카카오 좌표,0,0,,경상북도,NO_EXACT_MUNICIPALITY_TOWNSHIP_TOKENS,0,
rs289,통영,통영갤러리호텔,경남 통영시 도남로 257-27 · 한국관광공사 연관 관광지(숙박) · 카카오 좌표,0,0,,경상남도,NO_EXACT_MUNICIPALITY_TOWNSHIP_TOKENS,0,
rs290,김해,아이스퀘어호텔,경남 김해시 김해대로 2360 · 한국관광공사 연관 관광지(숙박) · 카카오 좌표,0,0,,경상남도,NO_EXACT_MUNICIPALITY_TOWNSHIP_TOKENS,0,
rs291,울릉,대아울릉리조트 울릉지점,경북 울릉군 울릉읍 사동1길 43 · 한국관광공사 연관 관광지(숙박) · 카카오 좌표,1,0,,경상북도,MATCH_CANDIDATE,1,경상북도 울릉군 울릉읍
rs292,남해,엘림마리나앤리조트,경남 남해군 삼동면 동부대로1122번길 74-19 · 한국관광공사 연관 관광지(숙박) · 카카오 좌표,1,0,,경상남도,MATCH_CANDIDATE,1,경상남도 남해군 삼동면
rs293,양주,호텔그리다,경기 양주시 백석읍 권율로 912 · 한국관광공사 연관 관광지(숙박) · 카카오 좌표,1,0,,경기도,MATCH_CANDIDATE,1,경기도 양주시 백석읍
rs294,양양,웨이블런트 양양,강원특별자치도 양양군 현남면 동산큰길 17-5 · 한국관광공사 연관 관광지(숙박) · 카카오 좌표,1,0,,강원특별자치도,MATCH_CANDIDATE,1,강원특별자치도 양양군 현남면
rs295,서울,더 리버사이드호텔,서울 서초구 강남대로107길 6 · 한국관광공사 연관 관광지(숙박) · 카카오 좌표,0,0,,서울특별시,NO_EXACT_MUNICIPALITY_TOWNSHIP_TOKENS,0,
rs296,목포,클라우드인호텔 평화광장점,전남광주통합특별시 목포시 번영로 9 · 한국관광공사 연관 관광지(숙박) · 카카오 좌표,0,0,,전남광주통합특별시,NO_EXACT_MUNICIPALITY_TOWNSHIP_TOKENS,0,
rs297,인천,오크우드프리미어 인천,인천 연수구 컨벤시아대로 165 · 한국관광공사 연관 관광지(숙박) · 카카오 좌표,0,0,,인천광역시,NO_EXACT_MUNICIPALITY_TOWNSHIP_TOKENS,0,
rs298,울릉,울릉아일랜드펜션,경북 울릉군 북면 울릉순환로 2938 · 한국관광공사 연관 관광지(숙박) · 카카오 좌표,1,0,,경상북도,MATCH_CANDIDATE,1,경상북도 울릉군 북면
rs299,울릉,시에스타펜션,경북 울릉군 울릉읍 울릉순환로 31-19 · 한국관광공사 연관 관광지(숙박) · 카카오 좌표,1,0,,경상북도,MATCH_CANDIDATE,1,경상북도 울릉군 울릉읍
rs300,울릉,스테이22,경북 울릉군 울릉읍 옥천2길 24 · 한국관광공사 연관 관광지(숙박) · 카카오 좌표,1,0,,경상북도,MATCH_CANDIDATE,1,경상북도 울릉군 울릉읍
rs301,남해,호텔 어반아일랜드,경남 남해군 창선면 서부로 1503-22 · 한국관광공사 연관 관광지(숙박) · 카카오 좌표,1,0,,경상남도,MATCH_CANDIDATE,1,경상남도 남해군 창선면
rs302,남해,상주비치유스호스텔&펜션,경남 남해군 상주면 상주로60번길 15 · 한국관광공사 연관 관광지(숙박) · 카카오 좌표,1,0,,경상남도,MATCH_CANDIDATE,1,경상남도 남해군 상주면
rs303,영덕,씨아일랜드펜션,경북 영덕군 강구면 동해대로 4280 · 한국관광공사 연관 관광지(숙박) · 카카오 좌표,1,0,,경상북도,MATCH_CANDIDATE,1,경상북도 영덕군 강구면
rs304,창원,AT비지니스호텔,경남 창원시 성산구 용지로 102 · 한국관광공사 연관 관광지(숙박) · 카카오 좌표,0,0,,경상남도,NO_EXACT_MUNICIPALITY_TOWNSHIP_TOKENS,0,
rs305,태안,태안비치리조텔,충남 태안군 근흥면 마도길 116 · 한국관광공사 연관 관광지(숙박) · 카카오 좌표,1,0,,충청남도,MATCH_CANDIDATE,1,충청남도 태안군 근흥면
rs306,논산,더 시티 호텔,충남 논산시 계백로 1008-4 · 한국관광공사 연관 관광지(숙박) · 카카오 좌표,0,0,,충청남도,NO_EXACT_MUNICIPALITY_TOWNSHIP_TOKENS,0,
rs307,고창,상하농원 파머스빌리지,전북특별자치도 고창군 상하면 상하농원길 6-36 · 한국관광공사 연관 관광지(숙박) · 카카오 좌표,1,0,,전북특별자치도,MATCH_CANDIDATE,1,전북특별자치도 고창군 상하면
rs308,여주,일성남한강콘도&리조트,경기 여주시 신륵로 5 · 한국관광공사 연관 관광지(숙박) · 카카오 좌표,0,0,,경기도,NO_EXACT_MUNICIPALITY_TOWNSHIP_TOKENS,0,
rs309,양양,오색그린야드호텔,강원특별자치도 양양군 서면 대청봉길 34 · 한국관광공사 연관 관광지(숙박) · 카카오 좌표,1,0,,강원특별자치도,MATCH_CANDIDATE,1,강원특별자치도 양양군 서면
rs310,아산,호텔라그라스 아산점,충남 아산시 충무로8번길 22 · 한국관광공사 연관 관광지(숙박) · 카카오 좌표,0,0,,충청남도,NO_EXACT_MUNICIPALITY_TOWNSHIP_TOKENS,0,
rs311,예산,스파뷰호텔,충남 예산군 덕산면 온천단지2로 77 · 한국관광공사 연관 관광지(숙박) · 카카오 좌표,1,0,,충청남도,MATCH_CANDIDATE,1,충청남도 예산군 덕산면
rs312,인제,만해마을,강원특별자치도 인제군 북면 만해로 91 · 한국관광공사 연관 관광지(숙박) · 카카오 좌표,1,0,,강원특별자치도,MATCH_CANDIDATE,1,강원특별자치도 인제군 북면
rs313,서울,신라스테이 삼성,서울 강남구 영동대로 506 · 한국관광공사 연관 관광지(숙박) · 카카오 좌표,0,0,,서울특별시,NO_EXACT_MUNICIPALITY_TOWNSHIP_TOKENS,0,
rs314,구미,라마다바이윈덤 구미호텔,경북 구미시 인동중앙로3길 41 · 한국관광공사 연관 관광지(숙박) · 카카오 좌표,0,0,,경상북도,NO_EXACT_MUNICIPALITY_TOWNSHIP_TOKENS,0,
rs315,서울,페어필드 바이 메리어트 서울,서울 영등포구 경인로 870 · 한국관광공사 연관 관광지(숙박) · 카카오 좌표,0,0,,서울특별시,NO_EXACT_MUNICIPALITY_TOWNSHIP_TOKENS,0,
rs316,서울,하이서울유스호스텔,서울 영등포구 영신로 200 · 한국관광공사 연관 관광지(숙박) · 카카오 좌표,0,0,,서울특별시,NO_EXACT_MUNICIPALITY_TOWNSHIP_TOKENS,0,
rs317,서울,아미드호텔서울,서울 종로구 인사동5길 38 · 한국관광공사 연관 관광지(숙박) · 카카오 좌표,0,0,,서울특별시,NO_EXACT_MUNICIPALITY_TOWNSHIP_TOKENS,0,
rs318,서울,레이크호텔,서울 송파구 석촌호수로 216 · 한국관광공사 연관 관광지(숙박) · 카카오 좌표,0,0,,서울특별시,NO_EXACT_MUNICIPALITY_TOWNSHIP_TOKENS,0,
rs319,서울,메이필드호텔 서울,서울 강서구 방화대로 94 · 한국관광공사 연관 관광지(숙박) · 카카오 좌표,0,0,,서울특별시,NO_EXACT_MUNICIPALITY_TOWNSHIP_TOKENS,0,
rs320,제주,호텔브릿지 서귀포,제주특별자치도 서귀포시 태평로 436 · 한국관광공사 연관 관광지(숙박) · 카카오 좌표,0,0,,제주특별자치도,NO_EXACT_MUNICIPALITY_TOWNSHIP_TOKENS,0,
rs321,제주,JW 메리어트 제주 리조트 & 스파,제주특별자치도 서귀포시 태평로 152 · 한국관광공사 연관 관광지(숙박) · 카카오 좌표,0,0,,제주특별자치도,NO_EXACT_MUNICIPALITY_TOWNSHIP_TOKENS,0,
rs322,제주,더그랜드섬오름,제주특별자치도 서귀포시 막숙포로 118 · 한국관광공사 연관 관광지(숙박) · 카카오 좌표,0,0,,제주특별자치도,NO_EXACT_MUNICIPALITY_TOWNSHIP_TOKENS,0,
rs323,제주,롯데시티호텔 제주,제주특별자치도 제주시 도령로 83 · 한국관광공사 연관 관광지(숙박) · 카카오 좌표,0,0,,제주특별자치도,NO_EXACT_MUNICIPALITY_TOWNSHIP_TOKENS,0,
rs324,제주,롯데리조트 제주아트빌라스,제주특별자치도 서귀포시 색달중앙로252번길 124 · 한국관광공사 연관 관광지(숙박) · 카카오 좌표,0,0,,제주특별자치도,NO_EXACT_MUNICIPALITY_TOWNSHIP_TOKENS,0,
rs325,영월,김삿갓계곡캠핑장,강원특별자치도 영월군 김삿갓면 김삿갓로 216-26 · 한국관광공사 연관 관광지(숙박) · 카카오 좌표,1,0,,강원특별자치도,MATCH_CANDIDATE,1,강원특별자치도 영월군 김삿갓면
rs326,태백,태백눈꽃야영장,강원특별자치도 태백시 태백산로 4771 · 한국관광공사 연관 관광지(숙박) · 카카오 좌표,0,0,,강원특별자치도,NO_EXACT_MUNICIPALITY_TOWNSHIP_TOKENS,0,
rs327,인천,골든튤립 호텔&스위트,인천 영종구 흰바위로59번길 8 · 한국관광공사 연관 관광지(숙박) · 카카오 좌표,0,0,,인천광역시,NO_EXACT_MUNICIPALITY_TOWNSHIP_TOKENS,0,
rs328,안동,안동케이스호텔,경북 안동시 강남2길 60-16 · 한국관광공사 연관 관광지(숙박) · 카카오 좌표,0,0,,경상북도,NO_EXACT_MUNICIPALITY_TOWNSHIP_TOKENS,0,
rs329,공주,공주관광호텔잉크,충남 공주시 전막2길 10-10 · 한국관광공사 연관 관광지(숙박) · 카카오 좌표,0,0,,충청남도,NO_EXACT_MUNICIPALITY_TOWNSHIP_TOKENS,0,
rs330,고창,동호비치호텔,전북특별자치도 고창군 해리면 구동호1길 42 · 한국관광공사 연관 관광지(숙박) · 카카오 좌표,1,0,,전북특별자치도,MATCH_CANDIDATE,1,전북특별자치도 고창군 해리면
rs331,양양,연화문호텔 양양,강원특별자치도 양양군 손양면 서양길 12 · 한국관광공사 연관 관광지(숙박) · 카카오 좌표,1,0,,강원특별자치도,MATCH_CANDIDATE,1,강원특별자치도 양양군 손양면
rs332,아산,더위트도고,충남 아산시 도고면 기곡로62번길 6-8 · 한국관광공사 연관 관광지(숙박) · 카카오 좌표,1,0,,충청남도,MATCH_CANDIDATE,1,충청남도 아산시 도고면
rs333,단양,오무아무아 풀빌라,충북 단양군 대강면 사인암로 621 · 한국관광공사 연관 관광지(숙박) · 카카오 좌표,1,0,,충청북도,MATCH_CANDIDATE,1,충청북도 단양군 대강면
rs334,부산,더클럽호텔 연화리점,부산 기장군 기장읍 연화길 78 · 한국관광공사 연관 관광지(숙박) · 카카오 좌표,1,0,,부산광역시,MATCH_CANDIDATE,1,부산광역시 기장군 기장읍
rs335,원주,원주 센트럴호텔,강원특별자치도 원주시 시청로 29-3 · 한국관광공사 연관 관광지(숙박) · 카카오 좌표,0,0,,강원특별자치도,NO_EXACT_MUNICIPALITY_TOWNSHIP_TOKENS,0,
rs336,영월,산골초가펜션,강원특별자치도 영월군 북면 굴앞마을길 64-98 · 한국관광공사 연관 관광지(숙박) · 카카오 좌표,1,0,,강원특별자치도,MATCH_CANDIDATE,1,강원특별자치도 영월군 북면
rs337,서울,JW 메리어트 동대문 스퀘어 서울,서울 종로구 청계천로 279 · 한국관광공사 연관 관광지(숙박) · 카카오 좌표,0,0,,서울특별시,NO_EXACT_MUNICIPALITY_TOWNSHIP_TOKENS,0,
rs338,충주,라마다 바이윈덤 호텔 충주 수안보,충북 충주시 수안보면 조산공원길 99 · 한국관광공사 연관 관광지(숙박) · 카카오 좌표,1,0,,충청북도,MATCH_CANDIDATE,1,충청북도 충주시 수안보면
rs339,경주,마우나오션리조트,경북 경주시 양남면 동남로 1021 · 한국관광공사 연관 관광지(숙박) · 카카오 좌표,1,0,,경상북도,MATCH_CANDIDATE,1,경상북도 경주시 양남면
rs340,영덕,옥계계곡 야영장,경북 영덕군 달산면 옥계리 232 · 한국관광공사 연관 관광지(숙박) · 카카오 좌표,1,0,,경상북도,MATCH_CANDIDATE,1,경상북도 영덕군 달산면
rs341,용인,더트리니 어반스위트,경기 용인시 처인구 중부대로 1218 · 한국관광공사 연관 관광지(숙박) · 카카오 좌표,0,0,,경기도,NO_EXACT_MUNICIPALITY_TOWNSHIP_TOKENS,0,
rs342,철원,브라운도트호텔 동송점,강원특별자치도 철원군 동송읍 이평1로12번길 10 · 한국관광공사 연관 관광지(숙박) · 카카오 좌표,1,0,,강원특별자치도,MATCH_CANDIDATE,1,강원특별자치도 철원군 동송읍
rs343,인천,오라카이 송도파크호텔 BW 프리미어 컬렉션,인천 연수구 테크노파크로 151 · 한국관광공사 연관 관광지(숙박) · 카카오 좌표,0,0,,인천광역시,NO_EXACT_MUNICIPALITY_TOWNSHIP_TOKENS,0,
rs344,담양,브라운도트 전남담양점,전남광주통합특별시 담양군 담양읍 무정로 23 · 한국관광공사 연관 관광지(숙박) · 카카오 좌표,1,0,,전남광주통합특별시,MATCH_CANDIDATE,1,전남광주통합특별시 담양군 담양읍
rs345,인천,골드코스트인천오피스텔,인천 남동구 논현로26번길 46 · 한국관광공사 연관 관광지(숙박) · 카카오 좌표,0,0,,인천광역시,NO_EXACT_MUNICIPALITY_TOWNSHIP_TOKENS,0,
rs346,여수,여수스테이호텔,전남광주통합특별시 여수시 봉산남8길 17-15 · 한국관광공사 연관 관광지(숙박) · 카카오 좌표,0,0,,전남광주통합특별시,NO_EXACT_MUNICIPALITY_TOWNSHIP_TOKENS,0,
rs347,인천,웨스턴그레이스호텔,인천 영종구 은하수로29번길 36 · 한국관광공사 연관 관광지(숙박) · 카카오 좌표,0,0,,인천광역시,NO_EXACT_MUNICIPALITY_TOWNSHIP_TOKENS,0,
rs348,목포,호텔더시티,전남광주통합특별시 목포시 남악1로52번길 23-6 · 한국관광공사 연관 관광지(숙박) · 카카오 좌표,0,0,,전남광주통합특별시,NO_EXACT_MUNICIPALITY_TOWNSHIP_TOKENS,0,
rs349,진주,라온스테이인페를라,경남 진주시 영천강로 164 · 한국관광공사 연관 관광지(숙박) · 카카오 좌표,0,0,,경상남도,NO_EXACT_MUNICIPALITY_TOWNSHIP_TOKENS,0,
rs350,인천,브라운도트호텔 공항신도시점,인천 영종구 신도시남로149번길 15 · 한국관광공사 연관 관광지(숙박) · 카카오 좌표,0,0,,인천광역시,NO_EXACT_MUNICIPALITY_TOWNSHIP_TOKENS,0,
rs351,영주,영주온천관광호텔,경북 영주시 대학로240번길 8 · 한국관광공사 연관 관광지(숙박) · 카카오 좌표,0,0,,경상북도,NO_EXACT_MUNICIPALITY_TOWNSHIP_TOKENS,0,
rs352,인천,어반스테이 인천차이나타운,인천 제물포구 서해대로417번길 1 · 한국관광공사 연관 관광지(숙박) · 카카오 좌표,0,0,,인천광역시,NO_EXACT_MUNICIPALITY_TOWNSHIP_TOKENS,0,
rs353,울릉,다온프라임호텔,경북 울릉군 울릉읍 봉래길 6-75 · 한국관광공사 연관 관광지(숙박) · 카카오 좌표,1,0,,경상북도,MATCH_CANDIDATE,1,경상북도 울릉군 울릉읍
rs354,울릉,추산노을빛펜션,경북 울릉군 북면 울릉순환로 2882 · 한국관광공사 연관 관광지(숙박) · 카카오 좌표,1,0,,경상북도,MATCH_CANDIDATE,1,경상북도 울릉군 북면
rs355,울릉,비치온관광호텔,경북 울릉군 울릉읍 울릉순환로 772 · 한국관광공사 연관 관광지(숙박) · 카카오 좌표,1,0,,경상북도,MATCH_CANDIDATE,1,경상북도 울릉군 울릉읍
rs356,울릉,웅포야영장,경북 울릉군 북면 현포리 714-1 · 한국관광공사 연관 관광지(숙박) · 카카오 좌표,1,0,,경상북도,MATCH_CANDIDATE,1,경상북도 울릉군 북면
rs357,순천,브라운도트호텔 순천역점,전남광주통합특별시 순천시 팔마로 153 · 한국관광공사 연관 관광지(숙박) · 카카오 좌표,0,0,,전남광주통합특별시,NO_EXACT_MUNICIPALITY_TOWNSHIP_TOKENS,0,
rs358,순천,에코그라드호텔,전남광주통합특별시 순천시 백강로 234 · 한국관광공사 연관 관광지(숙박) · 카카오 좌표,0,0,,전남광주통합특별시,NO_EXACT_MUNICIPALITY_TOWNSHIP_TOKENS,0,
rs359,용인,얼레이호텔,경기 용인시 기흥구 신정로 231 · 한국관광공사 연관 관광지(숙박) · 카카오 좌표,0,0,,경기도,NO_EXACT_MUNICIPALITY_TOWNSHIP_TOKENS,0,
rs360,남원,일성지리산콘도&리조트,전북특별자치도 남원시 산내면 천왕봉로 626-25 · 한국관광공사 연관 관광지(숙박) · 카카오 좌표,1,0,,전북특별자치도,MATCH_CANDIDATE,1,전북특별자치도 남원시 산내면
rs361,아산,온양제일호텔,충남 아산시 온천대로 1462 · 한국관광공사 연관 관광지(숙박) · 카카오 좌표,0,0,,충청남도,NO_EXACT_MUNICIPALITY_TOWNSHIP_TOKENS,0,
rs362,군산,탑클라우드호텔 군산점,전북특별자치도 군산시 번영로 150-13 · 한국관광공사 연관 관광지(숙박) · 카카오 좌표,0,0,,전북특별자치도,NO_EXACT_MUNICIPALITY_TOWNSHIP_TOKENS,0,
rs363,군산,브라운도트호텔 군산터미널점,전북특별자치도 군산시 중앙로 18-5 · 한국관광공사 연관 관광지(숙박) · 카카오 좌표,0,0,,전북특별자치도,NO_EXACT_MUNICIPALITY_TOWNSHIP_TOKENS,0,
rs364,군산,베니키아아리울호텔,전북특별자치도 군산시 가도안1길 45 · 한국관광공사 연관 관광지(숙박) · 카카오 좌표,0,0,,전북특별자치도,NO_EXACT_MUNICIPALITY_TOWNSHIP_TOKENS,0,
rs365,태안,골든비치펜션,충남 태안군 원북면 신두해변길 141 · 한국관광공사 연관 관광지(숙박) · 카카오 좌표,1,0,,충청남도,MATCH_CANDIDATE,1,충청남도 태안군 원북면
rs366,창원,그랜드시티 호텔 창원,경남 창원시 성산구 중앙대로 78 · 한국관광공사 연관 관광지(숙박) · 카카오 좌표,0,0,,경상남도,NO_EXACT_MUNICIPALITY_TOWNSHIP_TOKENS,0,
rs367,태안,말리오션스파펜션,충남 태안군 소원면 만리포1길 95 · 한국관광공사 연관 관광지(숙박) · 카카오 좌표,1,0,,충청남도,MATCH_CANDIDATE,1,충청남도 태안군 소원면
rs368,가평,연인산리조트,경기 가평군 북면 가화로 1575-16 · 한국관광공사 연관 관광지(숙박) · 카카오 좌표,1,0,,경기도,MATCH_CANDIDATE,1,경기도 가평군 북면
rs369,가평,농업회사법인 산들애파크 188다산트라,경기 가평군 조종면 현등사길 55-430 · 한국관광공사 연관 관광지(숙박) · 카카오 좌표,1,0,,경기도,MATCH_CANDIDATE,1,경기도 가평군 조종면
rs370,함양,용추계곡제2야영장,경남 함양군 안의면 용추계곡로 625 · 한국관광공사 연관 관광지(숙박) · 카카오 좌표,1,0,,경상남도,MATCH_CANDIDATE,1,경상남도 함양군 안의면
rs371,부안,연화문호텔 변산,전북특별자치도 부안군 변산면 변산해변로 799-47 · 한국관광공사 연관 관광지(숙박) · 카카오 좌표,1,0,,전북특별자치도,MATCH_CANDIDATE,1,전북특별자치도 부안군 변산면
rs372,김해,파인그로브호텔,경남 김해시 번화1로67번길 20 · 한국관광공사 연관 관광지(숙박) · 카카오 좌표,0,0,,경상남도,NO_EXACT_MUNICIPALITY_TOWNSHIP_TOKENS,0,
rs373,영덕,풀빌라식스,경북 영덕군 남정면 동해대로 3934 · 한국관광공사 연관 관광지(숙박) · 카카오 좌표,1,0,,경상북도,MATCH_CANDIDATE,1,경상북도 영덕군 남정면
rs374,밀양,밀양댐오토캠핑장,경남 밀양시 단장면 고례로 855 · 한국관광공사 연관 관광지(숙박) · 카카오 좌표,1,0,,경상남도,MATCH_CANDIDATE,1,경상남도 밀양시 단장면
rs375,세종,베스트웨스턴 플러스 호텔세종,세종특별자치시 도움1로 7 · 한국관광공사 연관 관광지(숙박) · 카카오 좌표,0,0,,세종특별자치시,NO_EXACT_MUNICIPALITY_TOWNSHIP_TOKENS,0,
rs376,서울,토요코인호텔 서울강남점,서울 서초구 강남대로 323 · 한국관광공사 연관 관광지(숙박) · 카카오 좌표,0,0,,서울특별시,NO_EXACT_MUNICIPALITY_TOWNSHIP_TOKENS,0,
rs377,서울,로이넷호텔 서울마포,서울 마포구 마포대로 67 · 한국관광공사 연관 관광지(숙박) · 카카오 좌표,0,0,,서울특별시,NO_EXACT_MUNICIPALITY_TOWNSHIP_TOKENS,0,
rs378,서울,강동그린웨이 가족캠핑장,서울 강동구 천호대로206길 87 · 한국관광공사 연관 관광지(숙박) · 카카오 좌표,0,0,,서울특별시,NO_EXACT_MUNICIPALITY_TOWNSHIP_TOKENS,0,
rs379,서울,오라카이대학로호텔 BW시그니처컬렉션,서울 종로구 율곡로 180 · 한국관광공사 연관 관광지(숙박) · 카카오 좌표,0,0,,서울특별시,NO_EXACT_MUNICIPALITY_TOWNSHIP_TOKENS,0,
rs380,서울,로얄스퀘어호텔,서울 강서구 공항대로 30 · 한국관광공사 연관 관광지(숙박) · 카카오 좌표,0,0,,서울특별시,NO_EXACT_MUNICIPALITY_TOWNSHIP_TOKENS,0,
rs381,서울,코트야드 바이메리어트 서울보타닉파크,서울 강서구 마곡중앙12로 10 · 한국관광공사 연관 관광지(숙박) · 카카오 좌표,0,0,,서울특별시,NO_EXACT_MUNICIPALITY_TOWNSHIP_TOKENS,0,
rs382,서울,신라스테이 마포,서울 마포구 마포대로 83 · 한국관광공사 연관 관광지(숙박) · 카카오 좌표,0,0,,서울특별시,NO_EXACT_MUNICIPALITY_TOWNSHIP_TOKENS,0,
rs384,평창,모나용평 빌라콘도,강원특별자치도 평창군 대관령면 올림픽로 715 · 한국관광공사 연관 관광지(숙박) · 카카오 좌표,1,0,,강원특별자치도,MATCH_CANDIDATE,1,강원특별자치도 평창군 대관령면
rs385,평창,모나용평 그린피아콘도,강원특별자치도 평창군 대관령면 올림픽로 715 · 한국관광공사 연관 관광지(숙박) · 카카오 좌표,1,0,,강원특별자치도,MATCH_CANDIDATE,1,강원특별자치도 평창군 대관령면
rs386,부산,하운드호텔 기장오시리아점,부산 기장군 기장읍 기장대로413번길 32 · 한국관광공사 연관 관광지(숙박) · 카카오 좌표,1,0,,부산광역시,MATCH_CANDIDATE,1,부산광역시 기장군 기장읍
rs387,제주,베스트웨스턴 제주호텔,제주특별자치도 제주시 도령로 27 · 한국관광공사 연관 관광지(숙박) · 카카오 좌표,0,0,,제주특별자치도,NO_EXACT_MUNICIPALITY_TOWNSHIP_TOKENS,0,
rs388,부산,라마다 앙코르바이윈덤 부산 해운대,부산 해운대구 구남로 9 · 한국관광공사 연관 관광지(숙박) · 카카오 좌표,0,0,,부산광역시,NO_EXACT_MUNICIPALITY_TOWNSHIP_TOKENS,0,
rs389,제주,다인리조트,제주특별자치도 제주시 애월읍 애월해안로 400-9 · 한국관광공사 연관 관광지(숙박) · 카카오 좌표,1,0,,제주특별자치도,MATCH_CANDIDATE,1,제주특별자치도 제주시 애월읍
rs390,제주,다인오세아노호텔,제주특별자치도 제주시 애월읍 애월해안로 394 · 한국관광공사 연관 관광지(숙박) · 카카오 좌표,1,0,,제주특별자치도,MATCH_CANDIDATE,1,제주특별자치도 제주시 애월읍
rs391,제주,호텔시리우스,제주특별자치도 제주시 도령로 133 · 한국관광공사 연관 관광지(숙박) · 카카오 좌표,0,0,,제주특별자치도,NO_EXACT_MUNICIPALITY_TOWNSHIP_TOKENS,0,
rs392,제주,엠버 퓨어힐 호텔 앤 리조트 제주,제주특별자치도 제주시 1100로 2671-30 · 한국관광공사 연관 관광지(숙박) · 카카오 좌표,0,0,,제주특별자치도,NO_EXACT_MUNICIPALITY_TOWNSHIP_TOKENS,0,
rs393,제주,메종 글래드 제주,제주특별자치도 제주시 노연로 80 · 한국관광공사 연관 관광지(숙박) · 카카오 좌표,0,0,,제주특별자치도,NO_EXACT_MUNICIPALITY_TOWNSHIP_TOKENS,0,
rs394,제주,해비치 호텔&리조트 제주,제주특별자치도 서귀포시 표선면 민속해안로 537 · 한국관광공사 연관 관광지(숙박) · 카카오 좌표,1,0,,제주특별자치도,MATCH_CANDIDATE,1,제주특별자치도 서귀포시 표선면
rs395,제주,오션스타콘도,제주특별자치도 서귀포시 성산읍 섭지코지로 169 · 한국관광공사 연관 관광지(숙박) · 카카오 좌표,1,0,,제주특별자치도,MATCH_CANDIDATE,1,제주특별자치도 서귀포시 성산읍
rs396,제주,포도호텔,제주특별자치도 서귀포시 안덕면 산록남로 863 · 한국관광공사 연관 관광지(숙박) · 카카오 좌표,1,0,,제주특별자치도,MATCH_CANDIDATE,1,제주특별자치도 서귀포시 안덕면
rs397,제주,야크마을,제주특별자치도 서귀포시 색달중앙로 162 · 한국관광공사 연관 관광지(숙박) · 카카오 좌표,0,0,,제주특별자치도,NO_EXACT_MUNICIPALITY_TOWNSHIP_TOKENS,0,
rs398,제주,제주디아일랜드블루호텔,제주특별자치도 서귀포시 태평로431번길 3 · 한국관광공사 연관 관광지(숙박) · 카카오 좌표,0,0,,제주특별자치도,NO_EXACT_MUNICIPALITY_TOWNSHIP_TOKENS,0,
rs399,제주,블룸호텔,제주특별자치도 서귀포시 중문관광로72번길 53 · 한국관광공사 연관 관광지(숙박) · 카카오 좌표,0,0,,제주특별자치도,NO_EXACT_MUNICIPALITY_TOWNSHIP_TOKENS,0,
rs400,제주,벨룸리조트,제주특별자치도 서귀포시 516로277번길 45 · 한국관광공사 연관 관광지(숙박) · 카카오 좌표,0,0,,제주특별자치도,NO_EXACT_MUNICIPALITY_TOWNSHIP_TOKENS,0,
rs401,제주,WE호텔 제주,제주특별자치도 서귀포시 1100로 453-95 · 한국관광공사 연관 관광지(숙박) · 카카오 좌표,0,0,,제주특별자치도,NO_EXACT_MUNICIPALITY_TOWNSHIP_TOKENS,0,
rs402,대구,아리아나호텔,대구 수성구 동대구로 27 · 한국관광공사 연관 관광지(숙박) · 카카오 좌표,0,0,,대구광역시,NO_EXACT_MUNICIPALITY_TOWNSHIP_TOKENS,0,
rs403,통영,통영767,경남 통영시 산양읍 달아1길 38 · 한국관광공사 연관 관광지(숙박) · 카카오 좌표,1,0,,경상남도,MATCH_CANDIDATE,1,경상남도 통영시 산양읍
rs404,목포,바반트 관광호텔,전남광주통합특별시 목포시 북항로 149 · 한국관광공사 연관 관광지(숙박) · 카카오 좌표,0,0,,전남광주통합특별시,NO_EXACT_MUNICIPALITY_TOWNSHIP_TOKENS,0,
rs405,가평,환타지콜라보,경기 가평군 가평읍 석봉로3번길 157-5 · 한국관광공사 연관 관광지(숙박) · 카카오 좌표,1,0,,경기도,MATCH_CANDIDATE,1,경기도 가평군 가평읍
rs406,서울,메이플레이스호텔 서울동대문,서울 종로구 율곡로 179 · 한국관광공사 연관 관광지(숙박) · 카카오 좌표,0,0,,서울특별시,NO_EXACT_MUNICIPALITY_TOWNSHIP_TOKENS,0,
rs407,파주,브라운도트호텔 파주헤이리점,경기 파주시 탄현면 성동로 34 · 한국관광공사 연관 관광지(숙박) · 카카오 좌표,1,0,,경기도,MATCH_CANDIDATE,1,경기도 파주시 탄현면
rs408,제주,빠레브호텔 제주,제주특별자치도 서귀포시 김정문화로 15 · 한국관광공사 연관 관광지(숙박) · 카카오 좌표,0,0,,제주특별자치도,NO_EXACT_MUNICIPALITY_TOWNSHIP_TOKENS,0,
rs409,제주,디아넥스호텔,제주특별자치도 서귀포시 안덕면 산록남로762번길 71 · 한국관광공사 연관 관광지(숙박) · 카카오 좌표,1,0,,제주특별자치도,MATCH_CANDIDATE,1,제주특별자치도 서귀포시 안덕면
rs410,영월,내리계곡솔밭캠핑장,강원특별자치도 영월군 김삿갓면 내리계곡로 1039-18 · 한국관광공사 연관 관광지(숙박) · 카카오 좌표,1,0,,강원특별자치도,MATCH_CANDIDATE,1,강원특별자치도 영월군 김삿갓면
rs411,대전,호텔ICC,대전 유성구 엑스포로123번길 55 · 한국관광공사 연관 관광지(숙박) · 카카오 좌표,0,0,,대전광역시,NO_EXACT_MUNICIPALITY_TOWNSHIP_TOKENS,0,
rs412,제천,월악산국립공원 덕주야영장 피크닉전용영지,충북 제천시 한수면 송계리 136 · 한국관광공사 연관 관광지(숙박) · 카카오 좌표,1,0,,충청북도,MATCH_CANDIDATE,1,충청북도 제천시 한수면
rs413,대전,호텔 스카이파크 대전1호점,대전 유성구 테크노중앙로 161 · 한국관광공사 연관 관광지(숙박) · 카카오 좌표,0,0,,대전광역시,NO_EXACT_MUNICIPALITY_TOWNSHIP_TOKENS,0,
rs414,경주,강동리조트 패밀리콘도,경북 경주시 천군로 95-32 · 한국관광공사 연관 관광지(숙박) · 카카오 좌표,0,0,,경상북도,NO_EXACT_MUNICIPALITY_TOWNSHIP_TOKENS,0,
rs415,경주,강동프라이빗콘도,경북 경주시 천군로 95-32 · 한국관광공사 연관 관광지(숙박) · 카카오 좌표,0,0,,경상북도,NO_EXACT_MUNICIPALITY_TOWNSHIP_TOKENS,0,
rs416,동해,망상제2오토캠핑장,강원특별자치도 동해시 동해대로 6270-14 · 한국관광공사 연관 관광지(숙박) · 카카오 좌표,0,0,,강원특별자치도,NO_EXACT_MUNICIPALITY_TOWNSHIP_TOKENS,0,
rs417,거제,거제돔관광호텔,경남 거제시 일운면 거제대로 2372 · 한국관광공사 연관 관광지(숙박) · 카카오 좌표,1,0,,경상남도,MATCH_CANDIDATE,1,경상남도 거제시 일운면
rs418,동해,동해무릉건강숲,강원특별자치도 동해시 삼화로 455 · 한국관광공사 연관 관광지(숙박) · 카카오 좌표,0,0,,강원특별자치도,NO_EXACT_MUNICIPALITY_TOWNSHIP_TOKENS,0,
rs419,정선,정선아리아리호텔,강원특별자치도 정선군 사북읍 지장천로 579 · 한국관광공사 연관 관광지(숙박) · 카카오 좌표,1,0,,강원특별자치도,MATCH_CANDIDATE,1,강원특별자치도 정선군 사북읍
rs420,전주,메종드온유호텔 전주한옥마을점,전북특별자치도 전주시 덕진구 아중4길 9-3 · 한국관광공사 연관 관광지(숙박) · 카카오 좌표,0,0,,전북특별자치도,NO_EXACT_MUNICIPALITY_TOWNSHIP_TOKENS,0,
rs421,통영,아스트로펜션,경남 통영시 용남면 연기길 170 · 한국관광공사 연관 관광지(숙박) · 카카오 좌표,1,0,,경상남도,MATCH_CANDIDATE,1,경상남도 통영시 용남면
rs422,통영,브룩스호텔,경남 통영시 통영해안로 407 · 한국관광공사 연관 관광지(숙박) · 카카오 좌표,0,0,,경상남도,NO_EXACT_MUNICIPALITY_TOWNSHIP_TOKENS,0,
rs423,통영,통영마티스비치스파펜션,경남 통영시 국치1길 52-24 · 한국관광공사 연관 관광지(숙박) · 카카오 좌표,0,0,,경상남도,NO_EXACT_MUNICIPALITY_TOWNSHIP_TOKENS,0,
rs424,강릉,파인아트라벨,강원특별자치도 강릉시 해안로 32 · 한국관광공사 연관 관광지(숙박) · 카카오 좌표,0,0,,강원특별자치도,NO_EXACT_MUNICIPALITY_TOWNSHIP_TOKENS,0,
rs425,속초,호텔리츠,강원특별자치도 속초시 영금정로 27 · 한국관광공사 연관 관광지(숙박) · 카카오 좌표,0,0,,강원특별자치도,NO_EXACT_MUNICIPALITY_TOWNSHIP_TOKENS,0,
rs426,평창,오리엔트리조트 평창본점,강원특별자치도 평창군 봉평면 태기로 80-56 · 한국관광공사 연관 관광지(숙박) · 카카오 좌표,1,0,,강원특별자치도,MATCH_CANDIDATE,1,강원특별자치도 평창군 봉평면
rs427,여수,르그랑블루리조트,전남광주통합특별시 여수시 돌산읍 무술목길 34 · 한국관광공사 연관 관광지(숙박) · 카카오 좌표,1,0,,전남광주통합특별시,MATCH_CANDIDATE,1,전남광주통합특별시 여수시 돌산읍
rs428,안동,고려호텔,경북 안동시 영가로 13 · 한국관광공사 연관 관광지(숙박) · 카카오 좌표,0,0,,경상북도,NO_EXACT_MUNICIPALITY_TOWNSHIP_TOKENS,0,
rs429,양산,베니키아 양산호텔,경남 양산시 동면 금오10길 51 · 한국관광공사 연관 관광지(숙박) · 카카오 좌표,1,0,,경상남도,MATCH_CANDIDATE,1,경상남도 양산시 동면
rs430,영주,소백산국립공원 삼가야영장,경북 영주시 풍기읍 삼가로 509 · 한국관광공사 연관 관광지(숙박) · 카카오 좌표,1,0,,경상북도,MATCH_CANDIDATE,1,경상북도 영주시 풍기읍
rs431,영주,알토호텔,경북 영주시 꽃동산로1번길 10 · 한국관광공사 연관 관광지(숙박) · 카카오 좌표,0,0,,경상북도,NO_EXACT_MUNICIPALITY_TOWNSHIP_TOKENS,0,
rs432,목포,하운드호텔 목포평화광장점,전남광주통합특별시 목포시 원형서로 20 · 한국관광공사 연관 관광지(숙박) · 카카오 좌표,0,0,,전남광주통합특별시,NO_EXACT_MUNICIPALITY_TOWNSHIP_TOKENS,0,
rs433,울릉,울릉도일등펜션,경북 울릉군 울릉읍 울릉순환로 678 · 한국관광공사 연관 관광지(숙박) · 카카오 좌표,1,0,,경상북도,MATCH_CANDIDATE,1,경상북도 울릉군 울릉읍
rs434,울릉,호텔울릉드림,경북 울릉군 울릉읍 사동2길 190 · 한국관광공사 연관 관광지(숙박) · 카카오 좌표,1,0,,경상북도,MATCH_CANDIDATE,1,경상북도 울릉군 울릉읍
rs435,군산,맨션브릿지호텔 군산,전북특별자치도 군산시 서래내길 28 · 한국관광공사 연관 관광지(숙박) · 카카오 좌표,0,0,,전북특별자치도,NO_EXACT_MUNICIPALITY_TOWNSHIP_TOKENS,0,
rs436,담양,담양리조트,전남광주통합특별시 담양군 금성면 금성산성길 202 · 한국관광공사 연관 관광지(숙박) · 카카오 좌표,1,0,,전남광주통합특별시,MATCH_CANDIDATE,1,전남광주통합특별시 담양군 금성면
rs437,군산,브라운도트호텔 근대화거리점,전북특별자치도 군산시 장미2길 6 · 한국관광공사 연관 관광지(숙박) · 카카오 좌표,0,0,,전북특별자치도,NO_EXACT_MUNICIPALITY_TOWNSHIP_TOKENS,0,
rs438,태안,파도와노을캠핑장,충남 태안군 소원면 아치내길 60-70 · 한국관광공사 연관 관광지(숙박) · 카카오 좌표,1,0,,충청남도,MATCH_CANDIDATE,1,충청남도 태안군 소원면
rs439,가평,더스테이힐링파크,경기 가평군 설악면 한서로268번길 157 · 한국관광공사 연관 관광지(숙박) · 카카오 좌표,1,0,,경기도,MATCH_CANDIDATE,1,경기도 가평군 설악면
rs440,김해,아세라빌라드아쿠아호텔,경남 김해시 가락로24번길 15 · 한국관광공사 연관 관광지(숙박) · 카카오 좌표,0,0,,경상남도,NO_EXACT_MUNICIPALITY_TOWNSHIP_TOKENS,0,
rs441,포천,신북온심재,경기 포천시 신북면 청신로 571 · 한국관광공사 연관 관광지(숙박) · 카카오 좌표,1,0,,경기도,MATCH_CANDIDATE,1,경기도 포천시 신북면
rs442,울진,동해바다펜션,경북 울진군 죽변면 죽변중앙로 33-5 · 한국관광공사 연관 관광지(숙박) · 카카오 좌표,1,0,,경상북도,MATCH_CANDIDATE,1,경상북도 울진군 죽변면
rs443,부안,스테이80,전북특별자치도 부안군 변산면 고사길 80 · 한국관광공사 연관 관광지(숙박) · 카카오 좌표,1,0,,전북특별자치도,MATCH_CANDIDATE,1,전북특별자치도 부안군 변산면
rs444,부안,가온리조트,전북특별자치도 부안군 변산면 변산우회길 3-16 · 한국관광공사 연관 관광지(숙박) · 카카오 좌표,1,0,,전북특별자치도,MATCH_CANDIDATE,1,전북특별자치도 부안군 변산면
rs445,양양,코게러지 호텔,강원특별자치도 양양군 현북면 동해대로 1269-7 · 한국관광공사 연관 관광지(숙박) · 카카오 좌표,1,0,,강원특별자치도,MATCH_CANDIDATE,1,강원특별자치도 양양군 현북면
rs446,양양,서프리조트인더시티 양양,강원특별자치도 양양군 현남면 새나루길 5 · 한국관광공사 연관 관광지(숙박) · 카카오 좌표,1,0,,강원특별자치도,MATCH_CANDIDATE,1,강원특별자치도 양양군 현남면
rs447,보령,동백관,충남 보령시 남포면 용두욕장2길 40 · 한국관광공사 연관 관광지(숙박) · 카카오 좌표,1,0,,충청남도,MATCH_CANDIDATE,1,충청남도 보령시 남포면
rs448,영덕,연화문호텔 영덕,경북 영덕군 남정면 동해대로 3472 · 한국관광공사 연관 관광지(숙박) · 카카오 좌표,1,0,,경상북도,MATCH_CANDIDATE,1,경상북도 영덕군 남정면
rs449,서울,조선호텔 포포인츠바이쉐라톤 서울역,서울 용산구 한강대로 366 · 한국관광공사 연관 관광지(숙박) · 카카오 좌표,0,0,,서울특별시,NO_EXACT_MUNICIPALITY_TOWNSHIP_TOKENS,0,
rs450,부산,브라운도트호텔 엄궁점,부산 사상구 낙동대로 753-17 · 한국관광공사 연관 관광지(숙박) · 카카오 좌표,0,0,,부산광역시,NO_EXACT_MUNICIPALITY_TOWNSHIP_TOKENS,0,
rs451,부산,하얏트 플레이스 부산 연산,부산 연제구 중앙대로 1121 · 한국관광공사 연관 관광지(숙박) · 카카오 좌표,0,0,,부산광역시,NO_EXACT_MUNICIPALITY_TOWNSHIP_TOKENS,0,
rs452,부산,케니스테이 기장,부산 기장군 기장읍 차성남로51번길 26 · 한국관광공사 연관 관광지(숙박) · 카카오 좌표,1,0,,부산광역시,MATCH_CANDIDATE,1,부산광역시 기장군 기장읍
rs453,부산,소노문 해운대,부산 해운대구 해운대해변로237번길 12 · 한국관광공사 연관 관광지(숙박) · 카카오 좌표,0,0,,부산광역시,NO_EXACT_MUNICIPALITY_TOWNSHIP_TOKENS,0,
rs454,부산,썬클라우드호텔,부산 해운대구 해운대해변로 287 · 한국관광공사 연관 관광지(숙박) · 카카오 좌표,0,0,,부산광역시,NO_EXACT_MUNICIPALITY_TOWNSHIP_TOKENS,0,
rs455,부산,해운대블루스토리호텔,부산 해운대구 해운대해변로237번길 11 · 한국관광공사 연관 관광지(숙박) · 카카오 좌표,0,0,,부산광역시,NO_EXACT_MUNICIPALITY_TOWNSHIP_TOKENS,0,
rs456,제주,호텔난타,제주특별자치도 제주시 선돌목동길 56-26 · 한국관광공사 연관 관광지(숙박) · 카카오 좌표,0,0,,제주특별자치도,NO_EXACT_MUNICIPALITY_TOWNSHIP_TOKENS,0,
rs457,제주,더스테이센추리호텔,제주특별자치도 제주시 애월읍 일주서로 7113 · 한국관광공사 연관 관광지(숙박) · 카카오 좌표,1,0,,제주특별자치도,MATCH_CANDIDATE,1,제주특별자치도 제주시 애월읍
rs458,제주,베니키아호텔 제주,제주특별자치도 제주시 애월읍 애월해안로 554-6 · 한국관광공사 연관 관광지(숙박) · 카카오 좌표,1,0,,제주특별자치도,MATCH_CANDIDATE,1,제주특별자치도 제주시 애월읍
rs459,제주,신라스테이 플러스 이호테우,제주특별자치도 제주시 연대마을길 76 · 한국관광공사 연관 관광지(숙박) · 카카오 좌표,0,0,,제주특별자치도,NO_EXACT_MUNICIPALITY_TOWNSHIP_TOKENS,0,
rs460,제주,제주리조트,제주특별자치도 제주시 애월읍 가문동상4길 11 · 한국관광공사 연관 관광지(숙박) · 카카오 좌표,1,0,,제주특별자치도,MATCH_CANDIDATE,1,제주특별자치도 제주시 애월읍
rs461,제주,몽돌스테이1119,제주특별자치도 제주시 한림읍 한림남1길 3 · 한국관광공사 연관 관광지(숙박) · 카카오 좌표,1,0,,제주특별자치도,MATCH_CANDIDATE,1,제주특별자치도 제주시 한림읍
rs462,제주,코업시티호텔 성산,제주특별자치도 서귀포시 성산읍 성산등용로 28 · 한국관광공사 연관 관광지(숙박) · 카카오 좌표,1,0,,제주특별자치도,MATCH_CANDIDATE,1,제주특별자치도 서귀포시 성산읍
rs463,제주,신라스테이 제주,제주특별자치도 제주시 노연로 100 · 한국관광공사 연관 관광지(숙박) · 카카오 좌표,0,0,,제주특별자치도,NO_EXACT_MUNICIPALITY_TOWNSHIP_TOKENS,0,
rs464,당진,모든날펜션,충남 당진시 석문면 장고항로 368-12 · 한국관광공사 연관 관광지(숙박) · 카카오 좌표,1,0,,충청남도,MATCH_CANDIDATE,1,충청남도 당진시 석문면
rs465,서산,저스트슬립호텔 서산대산점,충남 서산시 대산읍 충의로 1981 · 한국관광공사 연관 관광지(숙박) · 카카오 좌표,1,0,,충청남도,MATCH_CANDIDATE,1,충청남도 서산시 대산읍
rs466,제천,휴가 게스트하우스,충북 제천시 용두천로42길 7 · 한국관광공사 연관 관광지(숙박) · 카카오 좌표,0,0,,충청북도,NO_EXACT_MUNICIPALITY_TOWNSHIP_TOKENS,0,
rs467,서울,난지캠핑장,서울 마포구 한강난지로 22 · 한국관광공사 연관 관광지(숙박) · 카카오 좌표,0,0,,서울특별시,NO_EXACT_MUNICIPALITY_TOWNSHIP_TOKENS,0,
rs468,서울,호텔씨에스에비뉴,서울 은평구 통일로 585-1 · 한국관광공사 연관 관광지(숙박) · 카카오 좌표,0,0,,서울특별시,NO_EXACT_MUNICIPALITY_TOWNSHIP_TOKENS,0,
rs469,하동,소소화개,경남 하동군 화개면 백혜길 10 · 한국관광공사 연관 관광지(숙박) · 카카오 좌표,1,0,,경상남도,MATCH_CANDIDATE,1,경상남도 하동군 화개면
rs470,강릉,망상비치호텔,강원특별자치도 강릉시 옥계면 도직길 7-22 · 한국관광공사 연관 관광지(숙박) · 카카오 좌표,1,0,,강원특별자치도,MATCH_CANDIDATE,1,강원특별자치도 강릉시 옥계면
rs471,통영,데이지호텔,경남 통영시 광도면 죽림5로 25-55 · 한국관광공사 연관 관광지(숙박) · 카카오 좌표,1,0,,경상남도,MATCH_CANDIDATE,1,경상남도 통영시 광도면
rs472,통영,통영 한산마리나호텔&리조트,경남 통영시 산양읍 삼칭이해안길 820 · 한국관광공사 연관 관광지(숙박) · 카카오 좌표,1,0,,경상남도,MATCH_CANDIDATE,1,경상남도 통영시 산양읍
rs473,울릉,섬바디관광호텔,경북 울릉군 울릉읍 도동3길 20 · 한국관광공사 연관 관광지(숙박) · 카카오 좌표,1,0,,경상북도,MATCH_CANDIDATE,1,경상북도 울릉군 울릉읍
rs474,인천,제이앤파크호텔,인천 영종구 용유서로 262-15 · 한국관광공사 연관 관광지(숙박) · 카카오 좌표,0,0,,인천광역시,NO_EXACT_MUNICIPALITY_TOWNSHIP_TOKENS,0,
rs475,태안,리틀베이 풀빌라,충남 태안군 남면 청포대길 101 · 한국관광공사 연관 관광지(숙박) · 카카오 좌표,1,0,,충청남도,MATCH_CANDIDATE,1,충청남도 태안군 남면
rs476,포천,유식물원캠핑장,경기 포천시 신북면 간자동길 138-100 · 한국관광공사 연관 관광지(숙박) · 카카오 좌표,1,0,,경기도,MATCH_CANDIDATE,1,경기도 포천시 신북면
rs477,구미,스테이더공단호텔,경북 구미시 1공단로5길 86-15 · 한국관광공사 연관 관광지(숙박) · 카카오 좌표,0,0,,경상북도,NO_EXACT_MUNICIPALITY_TOWNSHIP_TOKENS,0,
rs478,평창,휘닉스파크,강원특별자치도 평창군 봉평면 태기로 174 · 한국관광공사 연관 관광지(숙박) · 카카오 좌표,1,0,,강원특별자치도,MATCH_CANDIDATE,1,강원특별자치도 평창군 봉평면
rs479,제주,팜파스호텔 제주,제주특별자치도 제주시 서해안로 368-3 · 한국관광공사 연관 관광지(숙박) · 카카오 좌표,0,0,,제주특별자치도,NO_EXACT_MUNICIPALITY_TOWNSHIP_TOKENS,0,
rs480,서산,서라온,충남 서산시 음암면 부장양지길 34-35 · 한국관광공사 연관 관광지(숙박) · 카카오 좌표,1,0,,충청남도,MATCH_CANDIDATE,1,충청남도 서산시 음암면
rs481,서울,머큐어 앰배서더 서울 홍대,서울 마포구 양화로 144 · 한국관광공사 연관 관광지(숙박) · 카카오 좌표,0,0,,서울특별시,NO_EXACT_MUNICIPALITY_TOWNSHIP_TOKENS,0,
rs482,제천,닷돈재4색야영장,충북 제천시 한수면 송계리 67 · 한국관광공사 연관 관광지(숙박) · 카카오 좌표,1,0,,충청북도,MATCH_CANDIDATE,1,충청북도 제천시 한수면
rs483,경주,경주화랑마을 오토캠핑장,경북 경주시 석현로 123 · 한국관광공사 연관 관광지(숙박) · 카카오 좌표,0,0,,경상북도,NO_EXACT_MUNICIPALITY_TOWNSHIP_TOKENS,0,
rs484,경주,황남관,경북 경주시 포석로 1038 · 한국관광공사 연관 관광지(숙박) · 카카오 좌표,0,0,,경상북도,NO_EXACT_MUNICIPALITY_TOWNSHIP_TOKENS,0,
rs485,경주,신라부티크호텔,경북 경주시 강변로 200 · 한국관광공사 연관 관광지(숙박) · 카카오 좌표,0,0,,경상북도,NO_EXACT_MUNICIPALITY_TOWNSHIP_TOKENS,0,
rs486,경주,덴바스타호텔 헤리티지 경주점,경북 경주시 태종로 691-20 · 한국관광공사 연관 관광지(숙박) · 카카오 좌표,0,0,,경상북도,NO_EXACT_MUNICIPALITY_TOWNSHIP_TOKENS,0,
rs487,거제,흑진주마리나리조트,경남 거제시 동부면 거제대로 1080-15 · 한국관광공사 연관 관광지(숙박) · 카카오 좌표,1,0,,경상남도,MATCH_CANDIDATE,1,경상남도 거제시 동부면
rs488,거제,까사델문도,경남 거제시 일운면 윤돌길 23 · 한국관광공사 연관 관광지(숙박) · 카카오 좌표,1,0,,경상남도,MATCH_CANDIDATE,1,경상남도 거제시 일운면
rs489,거제,브라운도트 거제근 포항점,경남 거제시 남부면 대포길 18 · 한국관광공사 연관 관광지(숙박) · 카카오 좌표,1,0,,경상남도,MATCH_CANDIDATE,1,경상남도 거제시 남부면
rs490,거제,포시즌펜션,경남 거제시 장목면 두모실길 16-23 · 한국관광공사 연관 관광지(숙박) · 카카오 좌표,1,0,,경상남도,MATCH_CANDIDATE,1,경상남도 거제시 장목면
rs491,청주,천경대키즈풀빌라,충북 청주시 상당구 미원면 옥화길 22-22 · 한국관광공사 연관 관광지(숙박) · 카카오 좌표,1,0,,충청북도,MATCH_CANDIDATE,1,충청북도 청주시 상당구 미원면
rs492,거제,거제로펜션,경남 거제시 동부면 학동7길 24 · 한국관광공사 연관 관광지(숙박) · 카카오 좌표,1,0,,경상남도,MATCH_CANDIDATE,1,경상남도 거제시 동부면
rs493,삼척,덕풍계곡 제2야영장,강원특별자치도 삼척시 가곡면 풍곡리 산 103-1 · 한국관광공사 연관 관광지(숙박) · 카카오 좌표,1,0,,강원특별자치도,MATCH_CANDIDATE,1,강원특별자치도 삼척시 가곡면
rs494,통영,물개스테이,경남 통영시 산양읍 물개길 37-7 · 한국관광공사 연관 관광지(숙박) · 카카오 좌표,1,0,,경상남도,MATCH_CANDIDATE,1,경상남도 통영시 산양읍
rs495,통영,바다52스파펜션,경남 통영시 국치1길 52-30 · 한국관광공사 연관 관광지(숙박) · 카카오 좌표,0,0,,경상남도,NO_EXACT_MUNICIPALITY_TOWNSHIP_TOKENS,0,
rs496,여수,호텔더엘,전남광주통합특별시 여수시 이순신광장로 135 · 한국관광공사 연관 관광지(숙박) · 카카오 좌표,0,0,,전남광주통합특별시,NO_EXACT_MUNICIPALITY_TOWNSHIP_TOKENS,0,
rs497,여수,여수 디아크리조트,전남광주통합특별시 여수시 돌산읍 돌산로 3169-30 · 한국관광공사 연관 관광지(숙박) · 카카오 좌표,1,0,,전남광주통합특별시,MATCH_CANDIDATE,1,전남광주통합특별시 여수시 돌산읍
rs498,안동,리첼호텔,경북 안동시 관광단지로 346-69 · 한국관광공사 연관 관광지(숙박) · 카카오 좌표,0,0,,경상북도,NO_EXACT_MUNICIPALITY_TOWNSHIP_TOKENS,0,
rs499,안동,전통리조트 구름에,경북 안동시 민속촌길 190 · 한국관광공사 연관 관광지(숙박) · 카카오 좌표,0,0,,경상북도,NO_EXACT_MUNICIPALITY_TOWNSHIP_TOKENS,0,
rs500,진주,브라운도트호텔,경남 진주시 에나로 103-9 · 한국관광공사 연관 관광지(숙박) · 카카오 좌표,0,0,,경상남도,NO_EXACT_MUNICIPALITY_TOWNSHIP_TOKENS,0,
rs501,남해,슬로우남해,경남 남해군 창선면 서부로 177-7 · 한국관광공사 연관 관광지(숙박) · 카카오 좌표,1,0,,경상남도,MATCH_CANDIDATE,1,경상남도 남해군 창선면
rs502,영주,풍기관광호텔,경북 영주시 풍기읍 풍기로 53 · 한국관광공사 연관 관광지(숙박) · 카카오 좌표,1,0,,경상북도,MATCH_CANDIDATE,1,경상북도 영주시 풍기읍
rs503,목포,호텔야자 목포평화광장점,전남광주통합특별시 목포시 하당남부로61번길 3 · 한국관광공사 연관 관광지(숙박) · 카카오 좌표,0,0,,전남광주통합특별시,NO_EXACT_MUNICIPALITY_TOWNSHIP_TOKENS,0,
rs504,울릉,가고싶다펜션,경북 울릉군 울릉읍 봉래1길 52-1 · 한국관광공사 연관 관광지(숙박) · 카카오 좌표,1,0,,경상북도,MATCH_CANDIDATE,1,경상북도 울릉군 울릉읍
rs505,울릉,학포다이브리조트,경북 울릉군 서면 학포길 35-7 · 한국관광공사 연관 관광지(숙박) · 카카오 좌표,1,0,,경상북도,MATCH_CANDIDATE,1,경상북도 울릉군 서면
rs506,합천,마노아워터캠핑장,경남 합천군 봉산면 압곡3길 9 · 한국관광공사 연관 관광지(숙박) · 카카오 좌표,1,0,,경상남도,MATCH_CANDIDATE,1,경상남도 합천군 봉산면
rs507,남해,여여담,경남 남해군 설천면 설천로 176-132 · 한국관광공사 연관 관광지(숙박) · 카카오 좌표,1,0,,경상남도,MATCH_CANDIDATE,1,경상남도 남해군 설천면
rs508,남해,상주은모래비치 오토캠핑장,경남 남해군 상주면 상주리 1248-1 · 한국관광공사 연관 관광지(숙박) · 카카오 좌표,1,0,,경상남도,MATCH_CANDIDATE,1,경상남도 남해군 상주면
rs509,울산,삼성산장,울산 울주군 상북면 등억알프스로 483 · 한국관광공사 연관 관광지(숙박) · 카카오 좌표,1,0,,울산광역시,MATCH_CANDIDATE,1,울산광역시 울주군 상북면
rs510,울산,온더웨이브호텔,울산 울주군 서생면 간절곶해안길 37 · 한국관광공사 연관 관광지(숙박) · 카카오 좌표,1,0,,울산광역시,MATCH_CANDIDATE,1,울산광역시 울주군 서생면
rs511,창원,CNN호텔,경남 창원시 성산구 상남로 118 · 한국관광공사 연관 관광지(숙박) · 카카오 좌표,0,0,,경상남도,NO_EXACT_MUNICIPALITY_TOWNSHIP_TOKENS,0,
rs512,태안,무이림,충남 태안군 소원면 대소산길 350-87 · 한국관광공사 연관 관광지(숙박) · 카카오 좌표,1,0,,충청남도,MATCH_CANDIDATE,1,충청남도 태안군 소원면
rs513,태안,나문재카페,충남 태안군 안면읍 통샘길 87-340 · 한국관광공사 연관 관광지(숙박) · 카카오 좌표,1,0,,충청남도,MATCH_CANDIDATE,1,충청남도 태안군 안면읍
rs514,창원,호텔에비뉴,경남 창원시 성산구 용지로169번길 5 · 한국관광공사 연관 관광지(숙박) · 카카오 좌표,0,0,,경상남도,NO_EXACT_MUNICIPALITY_TOWNSHIP_TOKENS,0,
rs515,가평,호텔하우스,경기 가평군 설악면 자잠로 279 · 한국관광공사 연관 관광지(숙박) · 카카오 좌표,1,0,,경기도,MATCH_CANDIDATE,1,경기도 가평군 설악면
rs516,상주,객주촌한옥펜션,경북 상주시 중동면 갱다불길 113 · 한국관광공사 연관 관광지(숙박) · 카카오 좌표,1,0,,경상북도,MATCH_CANDIDATE,1,경상북도 상주시 중동면
rs517,김해,덴바스타 테마 키즈호텔,경남 김해시 생림면 인제로 545-20 · 한국관광공사 연관 관광지(숙박) · 카카오 좌표,1,0,,경상남도,MATCH_CANDIDATE,1,경상남도 김해시 생림면
rs518,김해,잠101호텔,경남 김해시 율하숲길 17 · 한국관광공사 연관 관광지(숙박) · 카카오 좌표,0,0,,경상남도,NO_EXACT_MUNICIPALITY_TOWNSHIP_TOKENS,0,
rs519,익산,한옥펜션 수수헌,전북특별자치도 익산시 금마면 미륵사지로5길 24-1 · 한국관광공사 연관 관광지(숙박) · 카카오 좌표,1,0,,전북특별자치도,MATCH_CANDIDATE,1,전북특별자치도 익산시 금마면
rs520,전주,전주관광호텔,전북특별자치도 전주시 완산구 전주객사5길 44-5 · 한국관광공사 연관 관광지(숙박) · 카카오 좌표,0,0,,전북특별자치도,NO_EXACT_MUNICIPALITY_TOWNSHIP_TOKENS,0,
rs521,울진,불영계곡캠핑장,경북 울진군 울진읍 불영계곡로 2758 · 한국관광공사 연관 관광지(숙박) · 카카오 좌표,1,0,,경상북도,MATCH_CANDIDATE,1,경상북도 울진군 울진읍
rs522,고창,선운산유스호스텔,전북특별자치도 고창군 아산면 선운사로 158-36 · 한국관광공사 연관 관광지(숙박) · 카카오 좌표,1,0,,전북특별자치도,MATCH_CANDIDATE,1,전북특별자치도 고창군 아산면
rs523,고양,밀레니엄호텔,경기 고양시 일산서구 주화로 190 · 한국관광공사 연관 관광지(숙박) · 카카오 좌표,0,0,,경기도,NO_EXACT_MUNICIPALITY_TOWNSHIP_TOKENS,0,
rs524,고양,호텔 클라움,경기 고양시 일산서구 중앙로 1559-11 · 한국관광공사 연관 관광지(숙박) · 카카오 좌표,0,0,,경기도,NO_EXACT_MUNICIPALITY_TOWNSHIP_TOKENS,0,
rs525,고양,글로스터호텔 킨텍스,경기 고양시 일산서구 킨텍스로 255-3 · 한국관광공사 연관 관광지(숙박) · 카카오 좌표,0,0,,경기도,NO_EXACT_MUNICIPALITY_TOWNSHIP_TOKENS,0,
rs526,담양,퀸즈캐슬,전남광주통합특별시 담양군 가사문학면 가사문학로 760-12 · 한국관광공사 연관 관광지(숙박) · 카카오 좌표,1,0,,전남광주통합특별시,MATCH_CANDIDATE,1,전남광주통합특별시 담양군 가사문학면
rs527,인제,아침뜨락황토마을,강원특별자치도 인제군 기린면 두루미길 7-18 · 한국관광공사 연관 관광지(숙박) · 카카오 좌표,1,0,,강원특별자치도,MATCH_CANDIDATE,1,강원특별자치도 인제군 기린면
rs528,양양,브리드호텔 양양,강원특별자치도 양양군 현남면 인구항길 17 · 한국관광공사 연관 관광지(숙박) · 카카오 좌표,1,0,,강원특별자치도,MATCH_CANDIDATE,1,강원특별자치도 양양군 현남면
rs529,청송,송소고택펜션,경북 청송군 파천면 송소고택길 15-2 · 한국관광공사 연관 관광지(숙박) · 카카오 좌표,1,0,,경상북도,MATCH_CANDIDATE,1,경상북도 청송군 파천면
rs530,영덕,클라우드나인호텔모텔,경북 영덕군 강구면 신강구6길 25 · 한국관광공사 연관 관광지(숙박) · 카카오 좌표,1,0,,경상북도,MATCH_CANDIDATE,1,경상북도 영덕군 강구면
rs531,보령,대천사과나무펜션,충남 보령시 고잠2길 10 · 한국관광공사 연관 관광지(숙박) · 카카오 좌표,0,0,,충청남도,NO_EXACT_MUNICIPALITY_TOWNSHIP_TOKENS,0,
rs532,보령,더반힐글램핑&리조트펜션,충남 보령시 오천면 오천해안로 557 · 한국관광공사 연관 관광지(숙박) · 카카오 좌표,1,0,,충청남도,MATCH_CANDIDATE,1,충청남도 보령시 오천면
rs533,영덕,영덕프라다호텔,경북 영덕군 강구면 동해대로 4312 · 한국관광공사 연관 관광지(숙박) · 카카오 좌표,1,0,,경상북도,MATCH_CANDIDATE,1,경상북도 영덕군 강구면
rs534,영덕,영덕바다펜션,경북 영덕군 남정면 동해대로 4156 · 한국관광공사 연관 관광지(숙박) · 카카오 좌표,1,0,,경상북도,MATCH_CANDIDATE,1,경상북도 영덕군 남정면
rs535,부산,브라운도트호텔 다대포해수욕장점,부산 사하구 다대동로 45 · 한국관광공사 연관 관광지(숙박) · 카카오 좌표,0,0,,부산광역시,NO_EXACT_MUNICIPALITY_TOWNSHIP_TOKENS,0,
rs536,부산,에이치에비뉴 정관점,부산 기장군 정관읍 산단2로 31-24 · 한국관광공사 연관 관광지(숙박) · 카카오 좌표,1,0,,부산광역시,MATCH_CANDIDATE,1,부산광역시 기장군 정관읍
rs537,고양,호텔더윈,경기 고양시 덕양구 원흥3로 6-14 · 한국관광공사 연관 관광지(숙박) · 카카오 좌표,0,0,,경기도,NO_EXACT_MUNICIPALITY_TOWNSHIP_TOKENS,0,
rs538,부산,더블유레지던스호텔,부산 해운대구 센텀3로 20 · 한국관광공사 연관 관광지(숙박) · 카카오 좌표,0,0,,부산광역시,NO_EXACT_MUNICIPALITY_TOWNSHIP_TOKENS,0,
rs539,거창,덕유공방펜션,경남 거창군 위천면 서원길 13-13 · 한국관광공사 연관 관광지(숙박) · 카카오 좌표,1,0,,경상남도,MATCH_CANDIDATE,1,경상남도 거창군 위천면
rs540,부산,베니키아 프리미어 호텔 해운대,부산 해운대구 해운대해변로 317 · 한국관광공사 연관 관광지(숙박) · 카카오 좌표,0,0,,부산광역시,NO_EXACT_MUNICIPALITY_TOWNSHIP_TOKENS,0,
rs541,거창,패밀리관광호텔,경남 거창군 가조면 온천길 108-11 · 한국관광공사 연관 관광지(숙박) · 카카오 좌표,1,0,,경상남도,MATCH_CANDIDATE,1,경상남도 거창군 가조면
rs542,거창,거창국민여가캠핑장 미리내숲,경남 거창군 북상면 덕유월성로 1312-96 · 한국관광공사 연관 관광지(숙박) · 카카오 좌표,1,0,,경상남도,MATCH_CANDIDATE,1,경상남도 거창군 북상면
rs543,부산,광수호텔,부산 해운대구 해운대해변로221번길 22 · 한국관광공사 연관 관광지(숙박) · 카카오 좌표,0,0,,부산광역시,NO_EXACT_MUNICIPALITY_TOWNSHIP_TOKENS,0,
rs544,제주,까사로마호텔,제주특별자치도 서귀포시 태평로 347 · 한국관광공사 연관 관광지(숙박) · 카카오 좌표,0,0,,제주특별자치도,NO_EXACT_MUNICIPALITY_TOWNSHIP_TOKENS,0,
rs545,제주,제주노블레스관광호텔,제주특별자치도 제주시 월성로4길 19 · 한국관광공사 연관 관광지(숙박) · 카카오 좌표,0,0,,제주특별자치도,NO_EXACT_MUNICIPALITY_TOWNSHIP_TOKENS,0,
rs546,제주,제주항공우주호텔,제주특별자치도 서귀포시 안덕면 녹차분재로 216 · 한국관광공사 연관 관광지(숙박) · 카카오 좌표,1,0,,제주특별자치도,MATCH_CANDIDATE,1,제주특별자치도 서귀포시 안덕면
rs547,제주,일성제주비치콘도&리조트,제주특별자치도 제주시 한림읍 한림로 127 · 한국관광공사 연관 관광지(숙박) · 카카오 좌표,1,0,,제주특별자치도,MATCH_CANDIDATE,1,제주특별자치도 제주시 한림읍
rs548,제주,소노벨제주 신관,제주특별자치도 제주시 조천읍 신북로 577 · 한국관광공사 연관 관광지(숙박) · 카카오 좌표,1,0,,제주특별자치도,MATCH_CANDIDATE,1,제주특별자치도 제주시 조천읍
rs549,제주,제주해군호텔,제주특별자치도 제주시 해안마을서2길 19 · 한국관광공사 연관 관광지(숙박) · 카카오 좌표,0,0,,제주특별자치도,NO_EXACT_MUNICIPALITY_TOWNSHIP_TOKENS,0,
rs550,제주,머큐어 앰배서더 제주,제주특별자치도 서귀포시 안덕면 한창로 365 · 한국관광공사 연관 관광지(숙박) · 카카오 좌표,1,0,,제주특별자치도,MATCH_CANDIDATE,1,제주특별자치도 서귀포시 안덕면
rs551,영월,느티나무캠핑장,강원특별자치도 영월군 김삿갓면 내리계곡로 1061 · 한국관광공사 연관 관광지(숙박) · 카카오 좌표,1,0,,강원특별자치도,MATCH_CANDIDATE,1,강원특별자치도 영월군 김삿갓면
rs552,영월,영월키즈캠핑장,강원특별자치도 영월군 무릉도원면 무릉법흥로 1208-7 · 한국관광공사 연관 관광지(숙박) · 카카오 좌표,1,0,,강원특별자치도,MATCH_CANDIDATE,1,강원특별자치도 영월군 무릉도원면
rs553,제주,천지연크리스탈호텔,제주특별자치도 서귀포시 천지연로 39 · 한국관광공사 연관 관광지(숙박) · 카카오 좌표,0,0,,제주특별자치도,NO_EXACT_MUNICIPALITY_TOWNSHIP_TOKENS,0,
rs554,홍성,브라운도트호텔 홍성내포점,충남 홍성군 홍성읍 내포로 42 · 한국관광공사 연관 관광지(숙박) · 카카오 좌표,1,0,,충청남도,MATCH_CANDIDATE,1,충청남도 홍성군 홍성읍
rs555,제천,하운드호텔,충북 제천시 의림대로 33 · 한국관광공사 연관 관광지(숙박) · 카카오 좌표,0,0,,충청북도,NO_EXACT_MUNICIPALITY_TOWNSHIP_TOKENS,0,
rs556,보성,보성여관,전남광주통합특별시 보성군 벌교읍 태백산맥길 19 · 한국관광공사 연관 관광지(숙박) · 카카오 좌표,1,0,,전남광주통합특별시,MATCH_CANDIDATE,1,전남광주통합특별시 보성군 벌교읍
rs557,서울,글래드 강남 코엑스센터,서울 강남구 테헤란로 610 · 한국관광공사 연관 관광지(숙박) · 카카오 좌표,0,0,,서울특별시,NO_EXACT_MUNICIPALITY_TOWNSHIP_TOKENS,0,
rs558,서울,크라운호텔,서울 종로구 삼일대로30길 9 · 한국관광공사 연관 관광지(숙박) · 카카오 좌표,0,0,,서울특별시,NO_EXACT_MUNICIPALITY_TOWNSHIP_TOKENS,0,
rs559,서울,노을공원 노을캠핑장,서울 마포구 상암동 478-1 · 한국관광공사 연관 관광지(숙박) · 카카오 좌표,1,0,,서울특별시,MATCH_CANDIDATE,1,서울특별시 마포구 상암동
rs560,부산,호텔이목,부산 동래구 명륜로112번가길 22 · 한국관광공사 연관 관광지(숙박) · 카카오 좌표,0,0,,부산광역시,NO_EXACT_MUNICIPALITY_TOWNSHIP_TOKENS,0,
rs561,서울,홀리데이 인 익스프레스 서울 홍대,서울 마포구 양화로 188 · 한국관광공사 연관 관광지(숙박) · 카카오 좌표,0,0,,서울특별시,NO_EXACT_MUNICIPALITY_TOWNSHIP_TOKENS,0,
rs562,삼척,코아페바다,강원특별자치도 삼척시 근덕면 용화길 27-34 · 한국관광공사 연관 관광지(숙박) · 카카오 좌표,1,0,,강원특별자치도,MATCH_CANDIDATE,1,강원특별자치도 삼척시 근덕면
rs563,양주,장흥수목원펜션,경기 양주시 장흥면 권율로309번길 167-26 · 한국관광공사 연관 관광지(숙박) · 카카오 좌표,1,0,,경기도,MATCH_CANDIDATE,1,경기도 양주시 장흥면
rs564,하동,3층사진관펜션,경남 하동군 화개면 쌍계로 478 · 한국관광공사 연관 관광지(숙박) · 카카오 좌표,1,0,,경상남도,MATCH_CANDIDATE,1,경상남도 하동군 화개면
na1,수원,수원화성,정조로 825 지오코딩 확인,0,0,,,NO_EXACT_MUNICIPALITY_TOWNSHIP_TOKENS,0,
na22,수원,수원화성 국궁체험장,연무대(창룡대로103번길 20) 지오코딩 확인,0,0,,,NO_EXACT_MUNICIPALITY_TOWNSHIP_TOKENS,0,
na23,수원,화홍문,북수동 화홍문 지오코딩 확인,0,0,,,NO_EXACT_MUNICIPALITY_TOWNSHIP_TOKENS,0,
na2,수원,수원전통문화관,정조로 893 지오코딩 확인,0,0,,,NO_EXACT_MUNICIPALITY_TOWNSHIP_TOKENS,0,
na3,수원,행리단길,행궁동 상권 중심 기준점,0,0,,,NO_EXACT_MUNICIPALITY_TOWNSHIP_TOKENS,0,
na4,정선,정선 하이원 스키장 / 워터월드,하이원길 424 지오코딩 확인,0,0,,,NO_EXACT_MUNICIPALITY_TOWNSHIP_TOKENS,0,
na5,정선,하이원 리조트 (동물농장 / 알파인코스터),하이원길 500 지오코딩 확인,0,0,,,NO_EXACT_MUNICIPALITY_TOWNSHIP_TOKENS,0,
na6,대전,성심당,대종로480번길 15 지오코딩 확인,0,0,,,NO_EXACT_MUNICIPALITY_TOWNSHIP_TOKENS,0,
na7a,대전,미미 제과점,서구 갈마역로25번길 17-7 지오코딩 확인,0,0,,,NO_EXACT_MUNICIPALITY_TOWNSHIP_TOKENS,0,
na7b,대전,파이가든,중구 중앙로 124 지오코딩 확인,0,0,,,NO_EXACT_MUNICIPALITY_TOWNSHIP_TOKENS,0,
na7c,대전,파티세리 소신,유성구 농대로15번길 7 지오코딩 확인,0,0,,,NO_EXACT_MUNICIPALITY_TOWNSHIP_TOKENS,0,
na8,충주,충주 악어다리,살미면 월악로 927 지오코딩 확인,0,0,,,NO_EXACT_MUNICIPALITY_TOWNSHIP_TOKENS,0,
na9,충주,충주 무학시장,시장 대표 좌표,0,0,,,NO_EXACT_MUNICIPALITY_TOWNSHIP_TOKENS,0,
na10,동해,망상해수욕장,망상동 망상해수욕장 지오코딩 확인,0,0,,,NO_EXACT_MUNICIPALITY_TOWNSHIP_TOKENS,0,
na11,동해,동해망상해변한옥촌,"동해대로 6370 (망상동, 망상오토캠핑리조트 내) 기준 좌표",0,0,,,NO_EXACT_MUNICIPALITY_TOWNSHIP_TOKENS,0,
nax1,수원,광교호수공원,한국관광 데이터랩 인기 관광지 · 광교호수로 102 지오코딩 확인,0,0,,,NO_EXACT_MUNICIPALITY_TOWNSHIP_TOKENS,0,
nax2,정선,정선아리랑시장,한국관광 데이터랩 인기 관광지 · 정선읍 봉양리 지오코딩 확인,0,0,,,NO_EXACT_MUNICIPALITY_TOWNSHIP_TOKENS,0,
nax3,정선,병방치 스카이워크,한국관광 데이터랩 인기 관광지 · 병방치길 225 지오코딩 확인,0,0,,,NO_EXACT_MUNICIPALITY_TOWNSHIP_TOKENS,0,
nax4,대전,한밭수목원,한국관광 데이터랩 인기 관광지 · 둔산대로 169 지오코딩 확인,0,0,,,NO_EXACT_MUNICIPALITY_TOWNSHIP_TOKENS,0,
nax5,대전,대전 오월드,한국관광 데이터랩 인기 관광지 · 사정공원로 70 지오코딩 확인,0,0,,,NO_EXACT_MUNICIPALITY_TOWNSHIP_TOKENS,0,
nax6,충주,탄금호 무지개길,한국관광 데이터랩 인기 관광지 · 중앙탑면 탑평리 지오코딩 확인,0,0,,,NO_EXACT_MUNICIPALITY_TOWNSHIP_TOKENS,0,
nax7,충주,수안보온천,한국관광 데이터랩 인기 관광지 · 수안보면 온천리 지오코딩 확인,0,0,,,NO_EXACT_MUNICIPALITY_TOWNSHIP_TOKENS,0,
nax8,동해,추암 촛대바위,한국관광 데이터랩 인기 관광지 · 추암해변 지오코딩 확인,0,0,,,NO_EXACT_MUNICIPALITY_TOWNSHIP_TOKENS,0,
nax9,동해,무릉계곡,한국관광 데이터랩 인기 관광지 · 삼화로 584 지오코딩 확인,0,0,,,NO_EXACT_MUNICIPALITY_TOWNSHIP_TOKENS,0,
nax10,동해,묵호항,동해시 관광 안내 · 묵호진동 묵호항 지오코딩 확인,0,0,,,NO_EXACT_MUNICIPALITY_TOWNSHIP_TOKENS,0,
nax11,동해,동쪽바다중앙시장,동해시 관광 안내 · 중앙시장길 21 지오코딩 확인,0,0,,,NO_EXACT_MUNICIPALITY_TOWNSHIP_TOKENS,0,
nax12,동해,도째비골 스카이밸리,동해시 관광 안내 · 묵호진동 15-45 지오코딩 확인,0,0,,,NO_EXACT_MUNICIPALITY_TOWNSHIP_TOKENS,0,
nax14,동해,천곡황금박쥐동굴,동해시 관광 안내 · 천곡동 1003 지오코딩 확인,1,0,,,MATCH_CANDIDATE,1,강원특별자치도 동해시 천곡동
nax15,동해,한섬해변,동해시 관광 안내 · 고산1길 82 지오코딩 확인,0,0,,,NO_EXACT_MUNICIPALITY_TOWNSHIP_TOKENS,0,
nax16,동해,추암해변,동해시 관광 안내 · 추암동 411 지오코딩 확인,0,0,,,NO_EXACT_MUNICIPALITY_TOWNSHIP_TOKENS,0,
nax17,대전,엑스포과학공원 한빛탑,유성구 대덕대로 480 주소 기반 좌표,0,0,,,NO_EXACT_MUNICIPALITY_TOWNSHIP_TOKENS,0,
nax18,대전,국립중앙과학관,유성구 대덕대로 481 주소 기반 좌표,0,0,,,NO_EXACT_MUNICIPALITY_TOWNSHIP_TOKENS,0,
nax19,대전,계족산 황톳길,대덕구 장동 계족산 주소 기반 좌표,0,0,,,NO_EXACT_MUNICIPALITY_TOWNSHIP_TOKENS,0,
nax20,대전,대청호 오백리길,동구 추동 대청호 주소 기반 좌표,0,0,,,NO_EXACT_MUNICIPALITY_TOWNSHIP_TOKENS,0,
nax21,대전,으능정이 스카이로드,중구 은행동 으능정이거리 주소 기반 좌표,0,0,,,NO_EXACT_MUNICIPALITY_TOWNSHIP_TOKENS,0,
nax22,대전,뿌리공원,중구 뿌리공원로 47 주소 기반 좌표,0,0,,,NO_EXACT_MUNICIPALITY_TOWNSHIP_TOKENS,0,
nax23,수원,화성행궁,팔달구 정조로 825 주소 기반 좌표,0,0,,,NO_EXACT_MUNICIPALITY_TOWNSHIP_TOKENS,0,
nax24,수원,수원화성박물관,팔달구 창룡대로 21 주소 기반 좌표,0,0,,,NO_EXACT_MUNICIPALITY_TOWNSHIP_TOKENS,0,
nax25,수원,팔달문시장,팔달구 팔달문로 주소 기반 좌표,0,0,,,NO_EXACT_MUNICIPALITY_TOWNSHIP_TOKENS,0,
nax26,수원,월화원,팔달구 인계동 효원공원 내 좌표,0,0,,,NO_EXACT_MUNICIPALITY_TOWNSHIP_TOKENS,0,
nax27,수원,수원 스타필드,장안구 정자동 주소 기반 좌표,0,0,,,NO_EXACT_MUNICIPALITY_TOWNSHIP_TOKENS,0,
nax28,수원,광교 갤러리아,영통구 광교중앙로 124 주소 기반 좌표,0,0,,,NO_EXACT_MUNICIPALITY_TOWNSHIP_TOKENS,0,
nax29,정선,정선 5일장,정선읍 봉양리 주소 기반 좌표,0,0,,,NO_EXACT_MUNICIPALITY_TOWNSHIP_TOKENS,0,
nax30,정선,화암동굴,화암면 화암리 주소 기반 좌표,0,0,,,NO_EXACT_MUNICIPALITY_TOWNSHIP_TOKENS,0,
nax31,정선,아우라지,여량면 여량리 주소 기반 좌표,0,0,,,NO_EXACT_MUNICIPALITY_TOWNSHIP_TOKENS,0,
nax32,정선,정암사,고한읍 함백산로 1410 주소 기반 좌표,0,0,,,NO_EXACT_MUNICIPALITY_TOWNSHIP_TOKENS,0,
nax33,정선,삼탄아트마인,고한읍 함백산로 1445-44 주소 기반 좌표,0,0,,,NO_EXACT_MUNICIPALITY_TOWNSHIP_TOKENS,0,
nax34,정선,레일바이크 (구절리~아우라지),여량면 구절리 주소 기반 좌표,0,0,,,NO_EXACT_MUNICIPALITY_TOWNSHIP_TOKENS,0,
nax35,충주,중앙탑공원,중앙탑면 탑평리 주소 기반 좌표,0,0,,,NO_EXACT_MUNICIPALITY_TOWNSHIP_TOKENS,0,
nax36,충주,충주 고구려비 전시관,중앙탑면 감노로 2319 주소 기반 좌표,0,0,,,NO_EXACT_MUNICIPALITY_TOWNSHIP_TOKENS,0,
nax37,충주,충주호 유람선 (충주나루),동량면 지등로 882 주소 기반 좌표,0,0,,,NO_EXACT_MUNICIPALITY_TOWNSHIP_TOKENS,0,
nax38,충주,미륵대원지,수안보면 미륵리 주소 기반 좌표,0,0,,,NO_EXACT_MUNICIPALITY_TOWNSHIP_TOKENS,0,
nax39,충주,활옥동굴,목벌안길 26 주소 기반 좌표,0,0,,,NO_EXACT_MUNICIPALITY_TOWNSHIP_TOKENS,0,
nax40,충주,충주 라이트월드,충주호수로 １ 주소 기반 좌표,0,0,,,NO_EXACT_MUNICIPALITY_TOWNSHIP_TOKENS,0,
nax101,대구,서문시장,중구 큰장로26길 45 구글 지오코딩,0,0,,,NO_EXACT_MUNICIPALITY_TOWNSHIP_TOKENS,0,
nax102,대구,동성로,중구 동성로 구글 지오코딩,0,0,,,NO_EXACT_MUNICIPALITY_TOWNSHIP_TOKENS,0,
nax103,대구,김광석다시그리기길,중구 대봉동 구글 지오코딩,0,0,,,NO_EXACT_MUNICIPALITY_TOWNSHIP_TOKENS,0,
nax104,대구,앞산전망대,남구 앞산순환로 574-114 구글 지오코딩,0,0,,,NO_EXACT_MUNICIPALITY_TOWNSHIP_TOKENS,0,
nax105,대구,이월드 83타워,달서구 두류공원로 200 구글 지오코딩,0,0,,,NO_EXACT_MUNICIPALITY_TOWNSHIP_TOKENS,0,
nax106,대구,팔공산 동화사,동구 팔공산로237길 1 구글 지오코딩,0,0,,,NO_EXACT_MUNICIPALITY_TOWNSHIP_TOKENS,0,
nax107,대구,국립대구박물관,수성구 청호로 321 구글 지오코딩,0,0,,,NO_EXACT_MUNICIPALITY_TOWNSHIP_TOKENS,0,
nax108,대구,수성못,수성구 두산동 구글 지오코딩,1,0,,,MATCH_CANDIDATE,1,대구광역시 수성구 두산동
nax109,전주,전주한옥마을,완산구 기린대로 99 구글 지오코딩,0,0,,,NO_EXACT_MUNICIPALITY_TOWNSHIP_TOKENS,0,
nax110,전주,경기전,완산구 태조로 44 구글 지오코딩,0,0,,,NO_EXACT_MUNICIPALITY_TOWNSHIP_TOKENS,0,
nax111,전주,전동성당,완산구 태조로 51 구글 지오코딩,0,0,,,NO_EXACT_MUNICIPALITY_TOWNSHIP_TOKENS,0,
nax112,전주,자만벽화마을,완산구 교동 자만마을 구글 지오코딩,0,0,,,NO_EXACT_MUNICIPALITY_TOWNSHIP_TOKENS,0,
nax113,전주,남부시장,완산구 풍남문1길 19-3 구글 지오코딩,0,0,,,NO_EXACT_MUNICIPALITY_TOWNSHIP_TOKENS,0,
nax114,전주,오목대,완산구 전주천동로 55 구글 지오코딩,0,0,,,NO_EXACT_MUNICIPALITY_TOWNSHIP_TOKENS,0,
nax115,전주,전주향교,완산구 향교길 139 구글 지오코딩,0,0,,,NO_EXACT_MUNICIPALITY_TOWNSHIP_TOKENS,0,
nax116,전주,덕진공원,덕진구 권삼득로 390 구글 지오코딩,0,0,,,NO_EXACT_MUNICIPALITY_TOWNSHIP_TOKENS,0,
nax117,강릉,경포해변,강릉시 경포로 구글 지오코딩,0,0,,,NO_EXACT_MUNICIPALITY_TOWNSHIP_TOKENS,0,
nax118,강릉,강릉중앙시장,강릉시 금성로 21 구글 지오코딩,0,0,,,NO_EXACT_MUNICIPALITY_TOWNSHIP_TOKENS,0,
nax119,강릉,안목해변 커피거리,강릉시 창해로14번길 구글 지오코딩,0,0,,,NO_EXACT_MUNICIPALITY_TOWNSHIP_TOKENS,0,
nax120,강릉,오죽헌,강릉시 율곡로3139번길 24 구글 지오코딩,0,0,,,NO_EXACT_MUNICIPALITY_TOWNSHIP_TOKENS,0,
nax121,강릉,정동진,강동면 정동진리 구글 지오코딩,0,0,,,NO_EXACT_MUNICIPALITY_TOWNSHIP_TOKENS,0,
nax122,강릉,선교장,강릉시 운정길 63 구글 지오코딩,0,0,,,NO_EXACT_MUNICIPALITY_TOWNSHIP_TOKENS,0,
nax123,강릉,주문진항,주문진읍 주문진항 구글 지오코딩,0,0,,,NO_EXACT_MUNICIPALITY_TOWNSHIP_TOKENS,0,
nax124,강릉,경포호,강릉시 저동 94 구글 지오코딩,0,0,,,NO_EXACT_MUNICIPALITY_TOWNSHIP_TOKENS,0,
nax125,여수,오동도,여수시 오동도로 구글 지오코딩,0,0,,,NO_EXACT_MUNICIPALITY_TOWNSHIP_TOKENS,0,
nax126,여수,향일암,돌산읍 향일암로 1 구글 지오코딩,0,0,,,NO_EXACT_MUNICIPALITY_TOWNSHIP_TOKENS,0,
nax127,여수,여수해상케이블카,돌산읍 돌산로 3600-1 구글 지오코딩,0,0,,,NO_EXACT_MUNICIPALITY_TOWNSHIP_TOKENS,0,
nax128,여수,이순신광장,여수시 중앙로 74 구글 지오코딩,0,0,,,NO_EXACT_MUNICIPALITY_TOWNSHIP_TOKENS,0,
nax129,여수,진남관,여수시 진남로 11 구글 지오코딩,0,0,,,NO_EXACT_MUNICIPALITY_TOWNSHIP_TOKENS,0,
nax130,여수,돌산공원,돌산읍 우두리 산1 구글 지오코딩,0,0,,,NO_EXACT_MUNICIPALITY_TOWNSHIP_TOKENS,0,
nax131,여수,낭만포차거리,여수시 하멜로 102 구글 지오코딩,0,0,,,NO_EXACT_MUNICIPALITY_TOWNSHIP_TOKENS,0,
nax132,여수,여수해양공원,여수시 종화동 526-7 구글 지오코딩,0,0,,,NO_EXACT_MUNICIPALITY_TOWNSHIP_TOKENS,0,
nax133,통영,동피랑벽화마을,통영시 동피랑1길 6-18 구글 지오코딩,0,0,,,NO_EXACT_MUNICIPALITY_TOWNSHIP_TOKENS,0,
nax134,통영,통영중앙시장,통영시 중앙시장1길 14-16 구글 지오코딩,0,0,,,NO_EXACT_MUNICIPALITY_TOWNSHIP_TOKENS,0,
nax135,통영,한려수도 조망케이블카,통영시 도남동 349-1 구글 지오코딩,0,0,,,NO_EXACT_MUNICIPALITY_TOWNSHIP_TOKENS,0,
nax136,통영,이순신공원,통영시 멘데해안길 205 구글 지오코딩,0,0,,,NO_EXACT_MUNICIPALITY_TOWNSHIP_TOKENS,0,
nax137,통영,달아공원,산양읍 산양일주로 1115 구글 지오코딩,0,0,,,NO_EXACT_MUNICIPALITY_TOWNSHIP_TOKENS,0,
nax138,통영,삼도수군통제영,통영시 세병로 27 구글 지오코딩,0,0,,,NO_EXACT_MUNICIPALITY_TOWNSHIP_TOKENS,0,
nax139,통영,통영해저터널,통영시 당동 1-3 구글 지오코딩,0,0,,,NO_EXACT_MUNICIPALITY_TOWNSHIP_TOKENS,0,
nax140,통영,강구안,통영시 중앙동 구글 지오코딩,1,0,,,MATCH_CANDIDATE,1,경상남도 통영시 중앙동
nax141,속초,속초관광수산시장,속초시 중앙로147번길 16 구글 지오코딩,0,0,,,NO_EXACT_MUNICIPALITY_TOWNSHIP_TOKENS,0,
nax142,속초,영금정,속초시 영금정로5길 구글 지오코딩,0,0,,,NO_EXACT_MUNICIPALITY_TOWNSHIP_TOKENS,0,
nax143,속초,아바이마을,속초시 청호동 구글 지오코딩,1,0,,,MATCH_CANDIDATE,1,강원특별자치도 속초시 청호동
nax144,속초,속초해수욕장,속초시 해오름로 186 구글 지오코딩,0,0,,,NO_EXACT_MUNICIPALITY_TOWNSHIP_TOKENS,0,
nax145,속초,설악산 소공원,속초시 설악동 구글 지오코딩,0,0,,,NO_EXACT_MUNICIPALITY_TOWNSHIP_TOKENS,0,
nax146,속초,청초호수공원,속초시 엑스포로 140 구글 지오코딩,0,0,,,NO_EXACT_MUNICIPALITY_TOWNSHIP_TOKENS,0,
nax147,속초,대포항,속초시 대포동 421-6 구글 지오코딩,1,0,,,MATCH_CANDIDATE,1,강원특별자치도 속초시 대포동
nax148,속초,외옹치 바다향기로,속초시 대포동 구글 지오코딩,1,0,,,MATCH_CANDIDATE,1,강원특별자치도 속초시 대포동
nax149,철원,고석정,동송읍 태봉로 1825 구글 지오코딩,0,0,,,NO_EXACT_MUNICIPALITY_TOWNSHIP_TOKENS,0,
nax150,철원,한탄강 물윗길,동송읍 태봉대교길 구글 지오코딩,0,0,,,NO_EXACT_MUNICIPALITY_TOWNSHIP_TOKENS,0,
nax151,철원,철원 노동당사,철원읍 금강산로 265 구글 지오코딩,0,0,,,NO_EXACT_MUNICIPALITY_TOWNSHIP_TOKENS,0,
nax152,철원,제2땅굴,동송읍 양지2길 15-19 구글 지오코딩,0,0,,,NO_EXACT_MUNICIPALITY_TOWNSHIP_TOKENS,0,
nax153,철원,철원평화전망대,동송읍 중강리 588-14 구글 지오코딩,0,0,,,NO_EXACT_MUNICIPALITY_TOWNSHIP_TOKENS,0,
nax154,철원,삼부연폭포,갈말읍 삼부연로 216 구글 지오코딩,0,0,,,NO_EXACT_MUNICIPALITY_TOWNSHIP_TOKENS,0,
nax155,철원,직탕폭포,동송읍 장흥리 구글 지오코딩,0,0,,,NO_EXACT_MUNICIPALITY_TOWNSHIP_TOKENS,0,
nax156,철원,한탄강 은하수교,동송읍 장흥리 725-12 구글 지오코딩,0,0,,,NO_EXACT_MUNICIPALITY_TOWNSHIP_TOKENS,0,
nax157,안동,안동하회마을,풍천면 하회종가길 구글 지오코딩,0,0,,,NO_EXACT_MUNICIPALITY_TOWNSHIP_TOKENS,0,
nax158,안동,부용대,풍천면 광덕솔밭길 72 구글 지오코딩,0,0,,,NO_EXACT_MUNICIPALITY_TOWNSHIP_TOKENS,0,
nax159,안동,월영교,안동시 상아동 569 구글 지오코딩,0,0,,,NO_EXACT_MUNICIPALITY_TOWNSHIP_TOKENS,0,
nax160,안동,도산서원,도산면 도산서원길 154 구글 지오코딩,0,0,,,NO_EXACT_MUNICIPALITY_TOWNSHIP_TOKENS,0,
nax161,안동,안동구시장 찜닭골목,안동시 번영1길 55 구글 지오코딩,0,0,,,NO_EXACT_MUNICIPALITY_TOWNSHIP_TOKENS,0,
nax162,안동,병산서원,풍천면 병산길 386 구글 지오코딩,0,0,,,NO_EXACT_MUNICIPALITY_TOWNSHIP_TOKENS,0,
nax163,안동,안동민속촌,안동시 성곡동 822-3 구글 지오코딩,0,0,,,NO_EXACT_MUNICIPALITY_TOWNSHIP_TOKENS,0,
nax164,안동,임청각,안동시 임청각길 63 구글 지오코딩,0,0,,,NO_EXACT_MUNICIPALITY_TOWNSHIP_TOKENS,0,
nax165,인천,인천 차이나타운,중구 차이나타운로26번길 12-17 구글 지오코딩,0,0,,,NO_EXACT_MUNICIPALITY_TOWNSHIP_TOKENS,0,
nax166,인천,송월동 동화마을,중구 자유공원서로45번길 구글 지오코딩,0,0,,,NO_EXACT_MUNICIPALITY_TOWNSHIP_TOKENS,0,
nax167,인천,월미도,중구 월미문화로 구글 지오코딩,0,0,,,NO_EXACT_MUNICIPALITY_TOWNSHIP_TOKENS,0,
nax168,인천,인천 개항장 거리,중구 관동1가 10-1 구글 지오코딩,0,0,,,NO_EXACT_MUNICIPALITY_TOWNSHIP_TOKENS,0,
nax169,인천,소래포구,남동구 장도로 86-17 구글 지오코딩,0,0,,,NO_EXACT_MUNICIPALITY_TOWNSHIP_TOKENS,0,
nax170,인천,송도 센트럴파크,연수구 컨벤시아대로 160 구글 지오코딩,0,0,,,NO_EXACT_MUNICIPALITY_TOWNSHIP_TOKENS,0,
nax171,인천,강화 고인돌 유적,강화군 하점면 부근리 구글 지오코딩,1,0,,,MATCH_CANDIDATE,1,인천광역시 강화군 하점면
nax172,인천,을왕리해수욕장,중구 용유서로 구글 지오코딩,0,0,,,NO_EXACT_MUNICIPALITY_TOWNSHIP_TOKENS,0,
nax181,인천,인천대공원,남동구 무네미로 236 구글 지오코딩,0,0,,,NO_EXACT_MUNICIPALITY_TOWNSHIP_TOKENS,0,
nax182,인천,자유공원,중구 송학동1가 11-1 구글 지오코딩,0,0,,,NO_EXACT_MUNICIPALITY_TOWNSHIP_TOKENS,0,
nax183,인천,인천상륙작전기념관,연수구 청량로 138 구글 지오코딩,0,0,,,NO_EXACT_MUNICIPALITY_TOWNSHIP_TOKENS,0,
nax184,인천,강화 전등사,강화군 길상면 전등사로 37-41 구글 지오코딩,1,0,,,MATCH_CANDIDATE,1,인천광역시 강화군 길상면
nax185,인천,강화 마니산,강화군 화도면 마니산로 구글 지오코딩,1,0,,,MATCH_CANDIDATE,1,인천광역시 강화군 화도면
nax186,인천,강화 광성보,강화군 불은면 해안동로466번길 27 구글 지오코딩,1,0,,,MATCH_CANDIDATE,1,인천광역시 강화군 불은면
nax187,인천,정서진,서구 정서진1로 구글 지오코딩,0,0,,,NO_EXACT_MUNICIPALITY_TOWNSHIP_TOKENS,0,
nax188,인천,배다리 헌책방거리,동구 중앙로 2 구글 지오코딩,0,0,,,NO_EXACT_MUNICIPALITY_TOWNSHIP_TOKENS,0,
nax189,인천,신포국제시장,중구 신포동 6-6 구글 지오코딩,0,0,,,NO_EXACT_MUNICIPALITY_TOWNSHIP_TOKENS,0,
nax190,인천,인천 아트플랫폼,중구 제물량로218번길 3 구글 지오코딩,0,0,,,NO_EXACT_MUNICIPALITY_TOWNSHIP_TOKENS,0,
nax191,인천,수도국산달동네박물관,동구 솔빛로 51 구글 지오코딩,0,0,,,NO_EXACT_MUNICIPALITY_TOWNSHIP_TOKENS,0,
nax192,인천,영종도 구읍뱃터,중구 중산동 구글 지오코딩,0,0,,,NO_EXACT_MUNICIPALITY_TOWNSHIP_TOKENS,0,
nax193,인천,무의도 하나개해수욕장,중구 무의동 구글 지오코딩,0,0,,,NO_EXACT_MUNICIPALITY_TOWNSHIP_TOKENS,0,
nax194,인천,청라호수공원,서구 크리스탈로 131 구글 지오코딩,0,0,,,NO_EXACT_MUNICIPALITY_TOWNSHIP_TOKENS,0,
nax201,진주,진주성,진주시 남강로 626 구글 지오코딩,0,0,,,NO_EXACT_MUNICIPALITY_TOWNSHIP_TOKENS,0,
nax202,진주,촉석루,진주시 남강로 626 구글 지오코딩,0,0,,,NO_EXACT_MUNICIPALITY_TOWNSHIP_TOKENS,0,
nax203,진주,진주 남강,진주시 남강로 구글 지오코딩,0,0,,,NO_EXACT_MUNICIPALITY_TOWNSHIP_TOKENS,0,
nax204,진주,국립진주박물관,진주시 남강로 626-35 구글 지오코딩,0,0,,,NO_EXACT_MUNICIPALITY_TOWNSHIP_TOKENS,0,
nax205,진주,진주중앙시장,진주시 대안동 8-600 구글 지오코딩,0,0,,,NO_EXACT_MUNICIPALITY_TOWNSHIP_TOKENS,0,
nax206,진주,월아산 숲속의 진주,진주시 진성면 달음산로 313 구글 지오코딩,1,0,,,MATCH_CANDIDATE,1,경상남도 진주시 진성면
nax207,순천,순천만습지,순천시 순천만길 513-25 구글 지오코딩,0,0,,,NO_EXACT_MUNICIPALITY_TOWNSHIP_TOKENS,0,
nax208,순천,순천만국가정원,순천시 국가정원1호길 47 구글 지오코딩,0,0,,,NO_EXACT_MUNICIPALITY_TOWNSHIP_TOKENS,0,
nax209,순천,낙안읍성,순천시 낙안면 평촌리 6-4 구글 지오코딩,1,0,,,MATCH_CANDIDATE,1,전남광주통합특별시 순천시 낙안면
nax210,순천,선암사,순천시 승주읍 선암사길 450 구글 지오코딩,1,0,,,MATCH_CANDIDATE,1,전남광주통합특별시 순천시 승주읍
nax211,순천,순천 드라마촬영장,순천시 비례골길 24 구글 지오코딩,0,0,,,NO_EXACT_MUNICIPALITY_TOWNSHIP_TOKENS,0,
nax212,순천,와온해변,순천시 해룡면 상내리 구글 지오코딩,1,0,,,MATCH_CANDIDATE,1,전남광주통합특별시 순천시 해룡면
nax213,목포,목포근대역사관,목포시 영산로29번길 6 구글 지오코딩,0,0,,,NO_EXACT_MUNICIPALITY_TOWNSHIP_TOKENS,0,
nax214,목포,유달산,목포시 노적봉길 45 구글 지오코딩,0,0,,,NO_EXACT_MUNICIPALITY_TOWNSHIP_TOKENS,0,
nax215,목포,목포해상케이블카,목포시 해양대학로 240 구글 지오코딩,0,0,,,NO_EXACT_MUNICIPALITY_TOWNSHIP_TOKENS,0,
nax216,목포,갓바위,목포시 용해동 산86-24 구글 지오코딩,1,0,,,MATCH_CANDIDATE,1,전남광주통합특별시 목포시 용해동
nax217,목포,국립해양유물전시관,목포시 남농로 136 구글 지오코딩,0,0,,,NO_EXACT_MUNICIPALITY_TOWNSHIP_TOKENS,0,
nax218,목포,목포 항구포차,목포시 만호동 구글 지오코딩,1,0,,,MATCH_CANDIDATE,1,전남광주통합특별시 목포시 만호동
nax219,영주,부석사,영주시 부석면 부석사로 345 구글 지오코딩,1,0,,,MATCH_CANDIDATE,1,경상북도 영주시 부석면
nax220,영주,소수서원,영주시 순흥면 소백로 2740 구글 지오코딩,1,0,,,MATCH_CANDIDATE,1,경상북도 영주시 순흥면
nax221,영주,무섬마을,영주시 문수면 무섬로234번길 구글 지오코딩,1,0,,,MATCH_CANDIDATE,1,경상북도 영주시 문수면
nax222,영주,선비촌,영주시 순흥면 소백로 2796 구글 지오코딩,1,0,,,MATCH_CANDIDATE,1,경상북도 영주시 순흥면
nax223,영주,순흥벽화고분,영주시 순흥면 읍내리 구글 지오코딩,1,0,,,MATCH_CANDIDATE,1,경상북도 영주시 순흥면
nax224,포항,호미곶 해맞이광장,포항시 남구 호미곶면 해맞이로150번길 20 구글 지오코딩,1,0,,,MATCH_CANDIDATE,1,경상북도 포항시 남구 호미곶면
nax225,포항,영일대해수욕장,포항시 북구 두호동 구글 지오코딩,1,0,,,MATCH_CANDIDATE,1,경상북도 포항시 북구 두호동
nax226,포항,죽도시장,포항시 북구 죽도시장13길 13 구글 지오코딩,0,0,,,NO_EXACT_MUNICIPALITY_TOWNSHIP_TOKENS,0,
nax227,포항,포항 스페이스워크,포항시 북구 환호공원길 30 구글 지오코딩,0,0,,,NO_EXACT_MUNICIPALITY_TOWNSHIP_TOKENS,0,
nax228,포항,구룡포 근대문화역사거리,포항시 남구 구룡포읍 구글 지오코딩,1,0,,,MATCH_CANDIDATE,1,경상북도 포항시 남구 구룡포읍
nax229,포항,내연산 보경사,포항시 북구 송라면 보경로 523 구글 지오코딩,1,0,,,MATCH_CANDIDATE,1,경상북도 포항시 북구 송라면
nax230,춘천,남이섬,춘천시 남산면 남이섬길 1 구글 지오코딩,1,0,,,MATCH_CANDIDATE,1,강원특별자치도 춘천시 남산면
nax231,춘천,소양강 스카이워크,춘천시 영서로 2663 구글 지오코딩,0,0,,,NO_EXACT_MUNICIPALITY_TOWNSHIP_TOKENS,0,
nax232,춘천,청평사,춘천시 북산면 청평리 구글 지오코딩,1,0,,,MATCH_CANDIDATE,1,강원특별자치도 춘천시 북산면
nax233,춘천,김유정문학촌,춘천시 신동면 김유정로 1430-14 구글 지오코딩,1,0,,,MATCH_CANDIDATE,1,강원특별자치도 춘천시 신동면
nax234,춘천,명동 닭갈비골목,춘천시 금강로 62-1 구글 지오코딩,0,0,,,NO_EXACT_MUNICIPALITY_TOWNSHIP_TOKENS,0,
nax235,춘천,의암호 자전거길,춘천시 삼천동 269-10 구글 지오코딩,0,0,,,NO_EXACT_MUNICIPALITY_TOWNSHIP_TOKENS,0,
nax236,울릉,도동항,울릉군 울릉읍 도동리 구글 지오코딩,1,0,,,MATCH_CANDIDATE,1,경상북도 울릉군 울릉읍
nax237,울릉,독도전망대,울릉군 울릉읍 약수터길 93 구글 지오코딩,1,0,,,MATCH_CANDIDATE,1,경상북도 울릉군 울릉읍
nax238,울릉,나리분지,울릉군 북면 나리 구글 지오코딩,1,0,,,MATCH_CANDIDATE,1,경상북도 울릉군 북면
nax239,울릉,봉래폭포,울릉군 울릉읍 도동리 산39 구글 지오코딩,1,0,,,MATCH_CANDIDATE,1,경상북도 울릉군 울릉읍
nax240,울릉,관음도,울릉군 북면 천부길 산1 구글 지오코딩,1,0,,,MATCH_CANDIDATE,1,경상북도 울릉군 북면
nax241,울릉,해안산책로,울릉군 울릉읍 구글 지오코딩,1,0,,,MATCH_CANDIDATE,1,경상북도 울릉군 울릉읍
nax242,남원,광한루원,남원시 요천로 1447 구글 지오코딩,0,0,,,NO_EXACT_MUNICIPALITY_TOWNSHIP_TOKENS,0,
nax243,남원,춘향테마파크,남원시 양림길 14-9 구글 지오코딩,0,0,,,NO_EXACT_MUNICIPALITY_TOWNSHIP_TOKENS,0,
nax244,남원,지리산 뱀사골,남원시 산내면 지리산로 829 구글 지오코딩,1,0,,,MATCH_CANDIDATE,1,전북특별자치도 남원시 산내면
nax245,남원,실상사,남원시 산내면 실상사길 265 구글 지오코딩,1,0,,,MATCH_CANDIDATE,1,전북특별자치도 남원시 산내면
nax246,남원,남원 예촌,남원시 광한북로 17 구글 지오코딩,0,0,,,NO_EXACT_MUNICIPALITY_TOWNSHIP_TOKENS,0,
nax251,남해,남해 독일마을,남해군 삼동면 물건리 1154 구글 지오코딩,1,0,,,MATCH_CANDIDATE,1,경상남도 남해군 삼동면
nax252,남해,다랭이마을,남해군 남면 남면로 679 구글 지오코딩,1,0,,,MATCH_CANDIDATE,1,경상남도 남해군 남면
nax253,남해,보리암,남해군 상주면 보리암로 665 구글 지오코딩,1,0,,,MATCH_CANDIDATE,1,경상남도 남해군 상주면
nax254,남해,상주은모래비치,남해군 상주면 상주리 구글 지오코딩,1,0,,,MATCH_CANDIDATE,1,경상남도 남해군 상주면
nax255,남해,남해 편백자연휴양림,남해군 삼동면 금암로 658 구글 지오코딩,1,0,,,MATCH_CANDIDATE,1,경상남도 남해군 삼동면
nax256,합천,해인사,합천군 가야면 해인사길 122 구글 지오코딩,1,0,,,MATCH_CANDIDATE,1,경상남도 합천군 가야면
nax257,합천,대장경테마파크,합천군 가야면 가야산로 1160 구글 지오코딩,1,0,,,MATCH_CANDIDATE,1,경상남도 합천군 가야면
nax258,합천,합천영상테마파크,합천군 용주면 합천호수로 757 구글 지오코딩,1,0,,,MATCH_CANDIDATE,1,경상남도 합천군 용주면
nax259,합천,황매산 군립공원,합천군 가회면 황매산공원길 331 구글 지오코딩,1,0,,,MATCH_CANDIDATE,1,경상남도 합천군 가회면
nax260,합천,합천호,합천군 대병면 회양관광단지길 구글 지오코딩,1,0,,,MATCH_CANDIDATE,1,경상남도 합천군 대병면
nax261,광주,국립아시아문화전당,동구 문화전당로 38 구글 지오코딩,0,0,,,NO_EXACT_MUNICIPALITY_TOWNSHIP_TOKENS,0,
nax262,광주,5·18 민주광장,동구 금남로 1가 구글 지오코딩,0,0,,,NO_EXACT_MUNICIPALITY_TOWNSHIP_TOKENS,0,
nax263,광주,양림동 근대역사문화마을,남구 양림동 142 구글 지오코딩,1,0,,,MATCH_CANDIDATE,1,전남광주통합특별시 남구 양림동
nax264,광주,무등산 국립공원,북구 무등로 1550 구글 지오코딩,0,0,,,NO_EXACT_MUNICIPALITY_TOWNSHIP_TOKENS,0,
nax265,광주,대인예술시장,동구 구성로 225 구글 지오코딩,0,0,,,NO_EXACT_MUNICIPALITY_TOWNSHIP_TOKENS,0,
nax266,광주,광주시립미술관,북구 하서로 52 구글 지오코딩,0,0,,,NO_EXACT_MUNICIPALITY_TOWNSHIP_TOKENS,0,
nax267,천안,독립기념관,동남구 목천읍 독립기념관로 1 구글 지오코딩,0,0,,,NO_EXACT_MUNICIPALITY_TOWNSHIP_TOKENS,0,
nax268,천안,각원사,동남구 각원사길 245 구글 지오코딩,0,0,,,NO_EXACT_MUNICIPALITY_TOWNSHIP_TOKENS,0,
nax269,천안,병천순대거리,동남구 병천면 병천리 211-3 구글 지오코딩,0,0,,,NO_EXACT_MUNICIPALITY_TOWNSHIP_TOKENS,0,
nax270,천안,천안삼거리공원,동남구 삼룡동 260 구글 지오코딩,0,0,,,NO_EXACT_MUNICIPALITY_TOWNSHIP_TOKENS,0,
nax271,천안,아라리오갤러리,동남구 만남로 43 구글 지오코딩,0,0,,,NO_EXACT_MUNICIPALITY_TOWNSHIP_TOKENS,0,
nax272,공주,공산성,공주시 웅진로 280 구글 지오코딩,0,0,,,NO_EXACT_MUNICIPALITY_TOWNSHIP_TOKENS,0,
nax273,공주,무령왕릉과 왕릉원,공주시 왕릉로 35 구글 지오코딩,0,0,,,NO_EXACT_MUNICIPALITY_TOWNSHIP_TOKENS,0,
nax274,공주,국립공주박물관,공주시 관광단지길 34 구글 지오코딩,0,0,,,NO_EXACT_MUNICIPALITY_TOWNSHIP_TOKENS,0,
nax275,공주,마곡사,공주시 사곡면 마곡사로 966 구글 지오코딩,1,0,,,MATCH_CANDIDATE,1,충청남도 공주시 사곡면
nax276,공주,공주 산성시장,공주시 용당길 20 구글 지오코딩,0,0,,,NO_EXACT_MUNICIPALITY_TOWNSHIP_TOKENS,0,
nax277,부여,부소산성,부여군 부여읍 부소로 31 구글 지오코딩,1,0,,,MATCH_CANDIDATE,1,충청남도 부여군 부여읍
nax278,부여,정림사지 오층석탑,부여군 부여읍 정림로 83 구글 지오코딩,1,0,,,MATCH_CANDIDATE,1,충청남도 부여군 부여읍
nax279,부여,궁남지,부여군 부여읍 동남리 117 구글 지오코딩,1,0,,,MATCH_CANDIDATE,1,충청남도 부여군 부여읍
nax280,부여,국립부여박물관,부여군 부여읍 금성로 5 구글 지오코딩,1,0,,,MATCH_CANDIDATE,1,충청남도 부여군 부여읍
nax281,부여,백제문화단지,부여군 규암면 백제문로 455 구글 지오코딩,1,0,,,MATCH_CANDIDATE,1,충청남도 부여군 규암면
nax282,군산,군산 근대역사박물관,군산시 해망로 240 구글 지오코딩,0,0,,,NO_EXACT_MUNICIPALITY_TOWNSHIP_TOKENS,0,
nax283,군산,경암동 철길마을,군산시 경촌4길 14 구글 지오코딩,0,0,,,NO_EXACT_MUNICIPALITY_TOWNSHIP_TOKENS,0,
nax284,군산,초원사진관,군산시 구영2길 12-1 구글 지오코딩,0,0,,,NO_EXACT_MUNICIPALITY_TOWNSHIP_TOKENS,0,
nax285,군산,선유도해수욕장,군산시 옥도면 선유도리 구글 지오코딩,1,0,,,MATCH_CANDIDATE,1,전북특별자치도 군산시 옥도면
nax286,군산,이성당,군산시 중앙로 177 구글 지오코딩,0,0,,,NO_EXACT_MUNICIPALITY_TOWNSHIP_TOKENS,0,
nax287,용인,한국민속촌,기흥구 민속촌로 90 구글 지오코딩,0,0,,,NO_EXACT_MUNICIPALITY_TOWNSHIP_TOKENS,0,
nax288,용인,에버랜드,처인구 포곡읍 에버랜드로 199 구글 지오코딩,0,0,,,NO_EXACT_MUNICIPALITY_TOWNSHIP_TOKENS,0,
nax289,용인,백남준아트센터,기흥구 백남준로 10 구글 지오코딩,0,0,,,NO_EXACT_MUNICIPALITY_TOWNSHIP_TOKENS,0,
nax290,용인,경기도박물관,기흥구 상갈로 6 구글 지오코딩,0,0,,,NO_EXACT_MUNICIPALITY_TOWNSHIP_TOKENS,0,
nax291,용인,용인자연휴양림,처인구 모현읍 초부로 220 구글 지오코딩,0,0,,,NO_EXACT_MUNICIPALITY_TOWNSHIP_TOKENS,0,
nax301,창원,진해 여좌천,진해구 여좌천로166번길 구글 지오코딩,0,0,,,NO_EXACT_MUNICIPALITY_TOWNSHIP_TOKENS,0,
nax302,창원,주남저수지,의창구 동읍 월잠리 구글 지오코딩,0,0,,,NO_EXACT_MUNICIPALITY_TOWNSHIP_TOKENS,0,
nax303,창원,마산어시장,마산합포구 복요리로 7 구글 지오코딩,0,0,,,NO_EXACT_MUNICIPALITY_TOWNSHIP_TOKENS,0,
nax304,창원,돝섬해상유원지,마산합포구 돝섬2길 58 구글 지오코딩,0,0,,,NO_EXACT_MUNICIPALITY_TOWNSHIP_TOKENS,0,
nax305,창원,상남시장,성산구 상남동 16 구글 지오코딩,0,0,,,NO_EXACT_MUNICIPALITY_TOWNSHIP_TOKENS,0,
nax306,창원,용지호수공원,성산구 용지동 551-4 구글 지오코딩,0,0,,,NO_EXACT_MUNICIPALITY_TOWNSHIP_TOKENS,0,
nax307,울산,대왕암공원,동구 등대로 95 구글 지오코딩,0,0,,,NO_EXACT_MUNICIPALITY_TOWNSHIP_TOKENS,0,
nax308,울산,태화강 국가정원,중구 태화강 국가정원길 154 구글 지오코딩,0,0,,,NO_EXACT_MUNICIPALITY_TOWNSHIP_TOKENS,0,
nax309,울산,간절곶,울주군 서생면 대송리 구글 지오코딩,1,0,,,MATCH_CANDIDATE,1,울산광역시 울주군 서생면
nax310,울산,반구대 암각화,울주군 언양읍 대곡리 991-3 구글 지오코딩,1,0,,,MATCH_CANDIDATE,1,울산광역시 울주군 언양읍
nax311,울산,장생포 고래문화마을,남구 장생포고래로 271-1 구글 지오코딩,0,0,,,NO_EXACT_MUNICIPALITY_TOWNSHIP_TOKENS,0,
nax312,울산,울산대공원,남구 대공원로 94 구글 지오코딩,0,0,,,NO_EXACT_MUNICIPALITY_TOWNSHIP_TOKENS,0,
nax313,태안,꽃지해수욕장,태안군 안면읍 승언리 구글 지오코딩,1,0,,,MATCH_CANDIDATE,1,충청남도 태안군 안면읍
nax314,태안,신두리 해안사구,태안군 원북면 신두리 산263-1 구글 지오코딩,1,0,,,MATCH_CANDIDATE,1,충청남도 태안군 원북면
nax315,태안,천리포수목원,태안군 소원면 천리포1길 187 구글 지오코딩,1,0,,,MATCH_CANDIDATE,1,충청남도 태안군 소원면
nax316,태안,만리포해수욕장,태안군 소원면 모항리 구글 지오코딩,1,0,,,MATCH_CANDIDATE,1,충청남도 태안군 소원면
nax317,태안,안면도 자연휴양림,태안군 안면읍 안면대로 3195-6 구글 지오코딩,1,0,,,MATCH_CANDIDATE,1,충청남도 태안군 안면읍
nax318,양평,두물머리,양평군 양서면 두물머리길 구글 지오코딩,1,0,,,MATCH_CANDIDATE,1,경기도 양평군 양서면
nax319,양평,세미원,양평군 양서면 양수로 93 구글 지오코딩,1,0,,,MATCH_CANDIDATE,1,경기도 양평군 양서면
nax320,양평,양평 용문사,양평군 용문면 용문산로 782 구글 지오코딩,1,0,,,MATCH_CANDIDATE,1,경기도 양평군 용문면
nax321,양평,물의정원,남양주시 조안면 북한강로 398 구글 지오코딩,1,0,,,MATCH_CANDIDATE,1,경기도 남양주시 조안면
nax322,양평,양평물맑은시장,양평군 양평읍 양근리 구글 지오코딩,1,0,,,MATCH_CANDIDATE,1,경기도 양평군 양평읍
nax323,여주,신륵사,여주시 신륵사길 73 구글 지오코딩,0,0,,,NO_EXACT_MUNICIPALITY_TOWNSHIP_TOKENS,0,
nax324,여주,세종대왕릉 영릉,여주시 세종대왕면 영릉로 327 구글 지오코딩,1,0,,,MATCH_CANDIDATE,1,경기도 여주시 세종대왕면
nax325,여주,명성황후 생가,여주시 명성로 71 구글 지오코딩,0,0,,,NO_EXACT_MUNICIPALITY_TOWNSHIP_TOKENS,0,
nax326,여주,여주 도자세상,여주시 신륵사길 7 구글 지오코딩,0,0,,,NO_EXACT_MUNICIPALITY_TOWNSHIP_TOKENS,0,
nax327,여주,여주 프리미엄아울렛,여주시 명품로 360 구글 지오코딩,0,0,,,NO_EXACT_MUNICIPALITY_TOWNSHIP_TOKENS,0,
nax328,가평,아침고요수목원,가평군 상면 수목원로 432 구글 지오코딩,1,0,,,MATCH_CANDIDATE,1,경기도 가평군 상면
nax329,가평,쁘띠프랑스,가평군 청평면 호반로 1063 구글 지오코딩,1,0,,,MATCH_CANDIDATE,1,경기도 가평군 청평면
nax330,가평,자라섬,가평군 가평읍 달전리 구글 지오코딩,1,0,,,MATCH_CANDIDATE,1,경기도 가평군 가평읍
nax331,가평,잣향기푸른숲,가평군 상면 축령로 289-88 구글 지오코딩,1,0,,,MATCH_CANDIDATE,1,경기도 가평군 상면
nax332,가평,호명호수,가평군 청평면 호명로 구글 지오코딩,1,0,,,MATCH_CANDIDATE,1,경기도 가평군 청평면
nax401,양산,통도사,양산시 하북면 통도사로 108 구글 지오코딩,1,0,,,MATCH_CANDIDATE,1,경상남도 양산시 하북면
nax402,양산,홍룡폭포,양산시 상북면 대석리 1 구글 지오코딩,1,0,,,MATCH_CANDIDATE,1,경상남도 양산시 상북면
nax403,양산,황산공원,양산시 물금읍 황산공원1길 167 구글 지오코딩,1,0,,,MATCH_CANDIDATE,1,경상남도 양산시 물금읍
nax404,보은,법주사,보은군 속리산면 법주사로 405 구글 지오코딩,1,0,,,MATCH_CANDIDATE,1,충청북도 보은군 속리산면
nax405,보은,속리산 세심정,보은군 속리산면 사내리 구글 지오코딩,1,0,,,MATCH_CANDIDATE,1,충청북도 보은군 속리산면
nax406,보은,보은 삼년산성,보은군 보은읍 어암리 산1-1 구글 지오코딩,1,0,,,MATCH_CANDIDATE,1,충청북도 보은군 보은읍
nax407,해남,대흥사,해남군 삼산면 대흥사길 400 구글 지오코딩,1,0,,,MATCH_CANDIDATE,1,전남광주통합특별시 해남군 삼산면
nax408,해남,땅끝마을,해남군 송지면 땅끝마을길 구글 지오코딩,1,0,,,MATCH_CANDIDATE,1,전남광주통합특별시 해남군 송지면
nax409,해남,우수영관광지,해남군 문내면 학동리 산36 구글 지오코딩,1,0,,,MATCH_CANDIDATE,1,전남광주통합특별시 해남군 문내면
nax410,함양,남계서원,함양군 수동면 남계서원길 8-11 구글 지오코딩,1,0,,,MATCH_CANDIDATE,1,경상남도 함양군 수동면
nax411,함양,상림공원,함양군 함양읍 운림리 구글 지오코딩,1,0,,,MATCH_CANDIDATE,1,경상남도 함양군 함양읍
nax412,함양,개평한옥마을,함양군 지곡면 개평길 35-9 구글 지오코딩,1,0,,,MATCH_CANDIDATE,1,경상남도 함양군 지곡면
nax413,장성,필암서원,장성군 황룡면 필암서원로 184 구글 지오코딩,1,0,,,MATCH_CANDIDATE,1,전남광주통합특별시 장성군 황룡면
nax414,장성,백양사,장성군 북하면 백양로 1239 구글 지오코딩,1,0,,,MATCH_CANDIDATE,1,전남광주통합특별시 장성군 북하면
nax415,장성,축령산 편백숲,장성군 서삼면 모암리 구글 지오코딩,1,0,,,MATCH_CANDIDATE,1,전남광주통합특별시 장성군 서삼면
nax416,정읍,무성서원,정읍시 칠보면 원촌1길 44-12 구글 지오코딩,1,0,,,MATCH_CANDIDATE,1,전북특별자치도 정읍시 칠보면
nax417,정읍,내장산 국립공원,정읍시 내장동 구글 지오코딩,0,0,,,NO_EXACT_MUNICIPALITY_TOWNSHIP_TOKENS,0,
nax418,정읍,구절초지방정원,정읍시 산내면 매죽리 구글 지오코딩,1,0,,,MATCH_CANDIDATE,1,전북특별자치도 정읍시 산내면
nax419,논산,돈암서원,논산시 연산면 임3길 26-14 구글 지오코딩,1,0,,,MATCH_CANDIDATE,1,충청남도 논산시 연산면
nax420,논산,관촉사,논산시 관촉로1번길 25 구글 지오코딩,0,0,,,NO_EXACT_MUNICIPALITY_TOWNSHIP_TOKENS,0,
nax421,논산,탑정호 출렁다리,논산시 가야곡면 종연리 175-2 구글 지오코딩,1,0,,,MATCH_CANDIDATE,1,충청남도 논산시 가야곡면
nax422,경기광주,남한산성,광주시 남한산성면 산성리 661 구글 지오코딩,1,0,,,MATCH_CANDIDATE,1,경기도 광주시 남한산성면
nax423,경기광주,화담숲,광주시 도척면 도척윗로 278 구글 지오코딩,1,0,,,MATCH_CANDIDATE,1,경기도 광주시 도척면
nax424,경기광주,곤지암도자공원,광주시 곤지암읍 경충대로 727 구글 지오코딩,1,0,,,MATCH_CANDIDATE,1,경기도 광주시 곤지암읍
nax425,익산,미륵사지,익산시 금마면 기양리 97 구글 지오코딩,1,0,,,MATCH_CANDIDATE,1,전북특별자치도 익산시 금마면
nax426,익산,왕궁리 유적,익산시 왕궁면 왕궁리 산80-1 구글 지오코딩,1,0,,,MATCH_CANDIDATE,1,전북특별자치도 익산시 왕궁면
nax427,익산,익산 보석박물관,익산시 왕궁면 호반로 8 구글 지오코딩,1,0,,,MATCH_CANDIDATE,1,전북특별자치도 익산시 왕궁면
nax428,고창,고창 고인돌 유적,고창군 아산면 상갑리 275-2 구글 지오코딩,1,0,,,MATCH_CANDIDATE,1,전북특별자치도 고창군 아산면
nax429,고창,선운사,고창군 아산면 도솔길 250 구글 지오코딩,1,0,,,MATCH_CANDIDATE,1,전북특별자치도 고창군 아산면
nax430,고창,고창읍성,고창군 고창읍 모양성로 1 구글 지오코딩,1,0,,,MATCH_CANDIDATE,1,전북특별자치도 고창군 고창읍
nax431,화순,화순 고인돌 유적,화순군 도곡면 효산리 1335-3 구글 지오코딩,1,0,,,MATCH_CANDIDATE,1,전남광주통합특별시 화순군 도곡면
nax432,화순,운주사,화순군 도암면 천태로 91-44 구글 지오코딩,1,0,,,MATCH_CANDIDATE,1,전남광주통합특별시 화순군 도암면
nax433,화순,화순적벽,화순군 이서면 장학리 산17 구글 지오코딩,1,0,,,MATCH_CANDIDATE,1,전남광주통합특별시 화순군 이서면
nax434,김해,대성동 고분군,김해시 가야의길 126 구글 지오코딩,0,0,,,NO_EXACT_MUNICIPALITY_TOWNSHIP_TOKENS,0,
nax435,김해,수로왕릉,김해시 왕릉길 26 구글 지오코딩,0,0,,,NO_EXACT_MUNICIPALITY_TOWNSHIP_TOKENS,0,
nax436,김해,가야테마파크,김해시 가야테마길 161 구글 지오코딩,0,0,,,NO_EXACT_MUNICIPALITY_TOWNSHIP_TOKENS,0,
nax437,함안,말이산 고분군,함안군 가야읍 도항리 583-1 구글 지오코딩,1,0,,,MATCH_CANDIDATE,1,경상남도 함안군 가야읍
nax438,함안,함안박물관,함안군 가야읍 삼기길 153-31 구글 지오코딩,1,0,,,MATCH_CANDIDATE,1,경상남도 함안군 가야읍
nax439,함안,무진정,함안군 함안면 괴산4길 25 구글 지오코딩,1,0,,,MATCH_CANDIDATE,1,경상남도 함안군 함안면
nax440,창녕,교동과 송현동 고분군,창녕군 창녕읍 송현리 103-2 구글 지오코딩,1,0,,,MATCH_CANDIDATE,1,경상남도 창녕군 창녕읍
nax441,창녕,우포늪,창녕군 유어면 대대리 구글 지오코딩,1,0,,,MATCH_CANDIDATE,1,경상남도 창녕군 유어면
nax442,창녕,화왕산,창녕군 창녕읍 옥천리 구글 지오코딩,1,0,,,MATCH_CANDIDATE,1,경상남도 창녕군 창녕읍
nax443,고령,지산동 고분군,고령군 대가야읍 지산리 구글 지오코딩,1,0,,,MATCH_CANDIDATE,1,경상북도 고령군 대가야읍
nax444,고령,대가야박물관,고령군 대가야읍 대가야로 1203 구글 지오코딩,1,0,,,MATCH_CANDIDATE,1,경상북도 고령군 대가야읍
nax445,고령,개실마을,고령군 쌍림면 합가리 243-5 구글 지오코딩,1,0,,,MATCH_CANDIDATE,1,경상북도 고령군 쌍림면
nax446,고성,송학동 고분군,고성군 고성읍 송학리 470 구글 지오코딩,1,0,,,MATCH_CANDIDATE,1,경상남도 고성군 고성읍
nax447,고성,상족암군립공원,고성군 하이면 덕명리 구글 지오코딩,1,0,,,MATCH_CANDIDATE,1,경상남도 고성군 하이면
nax448,고성,당항포관광지,고성군 회화면 봉동리 57 구글 지오코딩,1,0,,,MATCH_CANDIDATE,1,경상남도 고성군 회화면
nax449,서천,서천 갯벌,서천군 비인면 선도리 341-6 구글 지오코딩,1,0,,,MATCH_CANDIDATE,1,충청남도 서천군 비인면
nax450,서천,국립생태원,서천군 마서면 금강로 1210 구글 지오코딩,1,0,,,MATCH_CANDIDATE,1,충청남도 서천군 마서면
nax451,서천,장항송림산림욕장,서천군 장항읍 송림리 구글 지오코딩,1,0,,,MATCH_CANDIDATE,1,충청남도 서천군 장항읍
nax452,신안,신안 갯벌,신안군 증도면 지도증도로 1766-15 구글 지오코딩,1,0,,,MATCH_CANDIDATE,1,전남광주통합특별시 신안군 증도면
nax453,신안,퍼플섬 반월도,신안군 안좌면 박지리 구글 지오코딩,1,0,,,MATCH_CANDIDATE,1,전남광주통합특별시 신안군 안좌면
nax454,신안,증도 태평염전,신안군 증도면 대초리 구글 지오코딩,1,0,,,MATCH_CANDIDATE,1,전남광주통합특별시 신안군 증도면
nax455,보성,보성 벌교갯벌,보성군 벌교읍 장암리 구글 지오코딩,1,0,,,MATCH_CANDIDATE,1,전남광주통합특별시 보성군 벌교읍
nax456,보성,대한다원 녹차밭,보성군 보성읍 녹차로 763-67 구글 지오코딩,1,0,,,MATCH_CANDIDATE,1,전남광주통합특별시 보성군 보성읍
nax457,보성,율포솔밭해수욕장,보성군 회천면 동율리 구글 지오코딩,1,0,,,MATCH_CANDIDATE,1,전남광주통합특별시 보성군 회천면
nax501,사천,사천 바다케이블카,사천시 사천대로 18 구글 지오코딩,0,0,,,NO_EXACT_MUNICIPALITY_TOWNSHIP_TOKENS,0,
nax502,사천,삼천포용궁수산시장,사천시 어시장길 64 구글 지오코딩,0,0,,,NO_EXACT_MUNICIPALITY_TOWNSHIP_TOKENS,0,
nax503,사천,초양도,사천시 대방동 초양도 구글 지오코딩,0,0,,,NO_EXACT_MUNICIPALITY_TOWNSHIP_TOKENS,0,
nax504,사천,사천 항공우주박물관,사천시 사남면 공단1로 78 구글 지오코딩,1,0,,,MATCH_CANDIDATE,1,경상남도 사천시 사남면
nax505,사천,사천읍성,사천시 사천읍 정의리 구글 지오코딩,1,0,,,MATCH_CANDIDATE,1,경상남도 사천시 사천읍
nax506,문경,문경새재 도립공원,문경시 문경읍 새재로 932 구글 지오코딩,1,0,,,MATCH_CANDIDATE,1,경상북도 문경시 문경읍
nax507,문경,단산모노레일,문경시 문경읍 활공장길 106 구글 지오코딩,1,0,,,MATCH_CANDIDATE,1,경상북도 문경시 문경읍
nax508,문경,문경 철로자전거,문경시 마성면 진남1길 155 구글 지오코딩,1,0,,,MATCH_CANDIDATE,1,경상북도 문경시 마성면
nax509,문경,봉암사,문경시 가은읍 원북길 313 구글 지오코딩,1,0,,,MATCH_CANDIDATE,1,경상북도 문경시 가은읍
nax510,문경,오미자테마터널,문경시 마성면 문경대로 1356-1 구글 지오코딩,1,0,,,MATCH_CANDIDATE,1,경상북도 문경시 마성면
nax511,울진,성류굴,울진군 근남면 성류굴로 225 구글 지오코딩,1,0,,,MATCH_CANDIDATE,1,경상북도 울진군 근남면
nax512,울진,불영사,울진군 금강송면 불영사길 48 구글 지오코딩,1,0,,,MATCH_CANDIDATE,1,경상북도 울진군 금강송면
nax513,울진,덕구온천,울진군 북면 덕구온천로 924 구글 지오코딩,1,0,,,MATCH_CANDIDATE,1,경상북도 울진군 북면
nax514,울진,죽변해안스카이레일,울진군 죽변면 죽변리 3-26 구글 지오코딩,1,0,,,MATCH_CANDIDATE,1,경상북도 울진군 죽변면
nax515,울진,등기산스카이워크,울진군 후포면 후포리 산141-21 구글 지오코딩,1,0,,,MATCH_CANDIDATE,1,경상북도 울진군 후포면
nax516,원주,소금산 그랜드밸리,원주시 지정면 소금산길 12 구글 지오코딩,1,0,,,MATCH_CANDIDATE,1,강원특별자치도 원주시 지정면
nax517,원주,뮤지엄 산,원주시 지정면 오크밸리2길 260 구글 지오코딩,1,0,,,MATCH_CANDIDATE,1,강원특별자치도 원주시 지정면
nax518,원주,치악산 구룡사,원주시 소초면 구룡사로 428 구글 지오코딩,1,0,,,MATCH_CANDIDATE,1,강원특별자치도 원주시 소초면
nax519,원주,원주 한지테마파크,원주시 한지공원길 151 구글 지오코딩,0,0,,,NO_EXACT_MUNICIPALITY_TOWNSHIP_TOKENS,0,
nax520,원주,원주중앙시장,원주시 중앙시장길 6 구글 지오코딩,0,0,,,NO_EXACT_MUNICIPALITY_TOWNSHIP_TOKENS,0,
nax521,평창,오대산 월정사,평창군 진부면 오대산로 374-8 구글 지오코딩,1,0,,,MATCH_CANDIDATE,1,강원특별자치도 평창군 진부면
nax522,평창,대관령 양떼목장,평창군 대관령면 대관령마루길 483-32 구글 지오코딩,1,0,,,MATCH_CANDIDATE,1,강원특별자치도 평창군 대관령면
nax523,평창,알펜시아,평창군 대관령면 솔봉로 325 구글 지오코딩,1,0,,,MATCH_CANDIDATE,1,강원특별자치도 평창군 대관령면
nax524,평창,발왕산 케이블카,평창군 대관령면 용산리 구글 지오코딩,1,0,,,MATCH_CANDIDATE,1,강원특별자치도 평창군 대관령면
nax525,평창,봉평 이효석문화마을,평창군 봉평면 효석문학길 구글 지오코딩,1,0,,,MATCH_CANDIDATE,1,강원특별자치도 평창군 봉평면
nax601,파주,임진각 평화누리,파주시 문산읍 임진각로 148-40 구글 지오코딩,1,0,,,MATCH_CANDIDATE,1,경기도 파주시 문산읍
nax602,파주,헤이리 예술마을,파주시 탄현면 헤이리마을길 구글 지오코딩,1,0,,,MATCH_CANDIDATE,1,경기도 파주시 탄현면
nax603,파주,파주 프로방스마을,파주시 탄현면 새오리로 77 구글 지오코딩,1,0,,,MATCH_CANDIDATE,1,경기도 파주시 탄현면
nax604,파주,마장호수 흔들다리,파주시 광탄면 기산로 313 구글 지오코딩,1,0,,,MATCH_CANDIDATE,1,경기도 파주시 광탄면
nax605,파주,파주 프리미엄아울렛,파주시 필승로 200 구글 지오코딩,0,0,,,NO_EXACT_MUNICIPALITY_TOWNSHIP_TOKENS,0,
nax606,고양,일산호수공원,고양시 일산동구 호수로 595 구글 지오코딩,0,0,,,NO_EXACT_MUNICIPALITY_TOWNSHIP_TOKENS,0,
nax607,고양,스타필드 고양,고양시 덕양구 고양대로 1955 구글 지오코딩,0,0,,,NO_EXACT_MUNICIPALITY_TOWNSHIP_TOKENS,0,
nax608,고양,고양 행주산성,고양시 덕양구 행주로15번길 89 구글 지오코딩,0,0,,,NO_EXACT_MUNICIPALITY_TOWNSHIP_TOKENS,0,
nax609,고양,킨텍스,고양시 일산서구 킨텍스로 217-60 구글 지오코딩,0,0,,,NO_EXACT_MUNICIPALITY_TOWNSHIP_TOKENS,0,
nax610,포천,포천 아트밸리,포천시 신북면 아트밸리로 234 구글 지오코딩,1,0,,,MATCH_CANDIDATE,1,경기도 포천시 신북면
nax611,포천,산정호수,포천시 영북면 산정호수로 구글 지오코딩,1,0,,,MATCH_CANDIDATE,1,경기도 포천시 영북면
nax612,포천,허브아일랜드,포천시 신북면 청신로947번길 35 구글 지오코딩,1,0,,,MATCH_CANDIDATE,1,경기도 포천시 신북면
nax613,포천,국립수목원 광릉숲,포천시 소흘읍 광릉수목원로 415 구글 지오코딩,1,0,,,MATCH_CANDIDATE,1,경기도 포천시 소흘읍
nax614,이천,예스파크 도자예술마을,이천시 신둔면 도자예술로5번길 109 구글 지오코딩,1,0,,,MATCH_CANDIDATE,1,경기도 이천시 신둔면
nax615,이천,설봉공원,이천시 경충대로2709번길 128 구글 지오코딩,0,0,,,NO_EXACT_MUNICIPALITY_TOWNSHIP_TOKENS,0,
nax616,이천,이천 테르메덴,이천시 모가면 사실로 984 구글 지오코딩,1,0,,,MATCH_CANDIDATE,1,경기도 이천시 모가면
nax617,이천,이천 온천,이천시 안흥동 구글 지오코딩,0,0,,,NO_EXACT_MUNICIPALITY_TOWNSHIP_TOKENS,0,
nax618,남양주,다산유적지,남양주시 조안면 다산로747번길 11 구글 지오코딩,1,0,,,MATCH_CANDIDATE,1,경기도 남양주시 조안면
nax619,남양주,수종사,남양주시 조안면 북한강로433번길 186 구글 지오코딩,1,0,,,MATCH_CANDIDATE,1,경기도 남양주시 조안면
nax620,남양주,피아노폭포,남양주시 화도읍 북한강로 구글 지오코딩,1,0,,,MATCH_CANDIDATE,1,경기도 남양주시 화도읍
nax621,양양,낙산사,양양군 강현면 낙산사로 100 구글 지오코딩,1,0,,,MATCH_CANDIDATE,1,강원특별자치도 양양군 강현면
nax622,양양,하조대,양양군 현북면 조준길 99 구글 지오코딩,1,0,,,MATCH_CANDIDATE,1,강원특별자치도 양양군 현북면
nax623,양양,죽도해변,양양군 현남면 인구리 구글 지오코딩,1,0,,,MATCH_CANDIDATE,1,강원특별자치도 양양군 현남면
nax624,양양,서피비치,양양군 현북면 하조대해안길 119 구글 지오코딩,1,0,,,MATCH_CANDIDATE,1,강원특별자치도 양양군 현북면
nax625,삼척,죽서루,삼척시 죽서루길 37 구글 지오코딩,0,0,,,NO_EXACT_MUNICIPALITY_TOWNSHIP_TOKENS,0,
nax626,삼척,대금굴·환선굴,삼척시 신기면 환선로 800 구글 지오코딩,1,0,,,MATCH_CANDIDATE,1,강원특별자치도 삼척시 신기면
nax627,삼척,장호항,삼척시 근덕면 장호리 구글 지오코딩,1,0,,,MATCH_CANDIDATE,1,강원특별자치도 삼척시 근덕면
nax628,삼척,삼척해수욕장,삼척시 갈천동 구글 지오코딩,0,0,,,NO_EXACT_MUNICIPALITY_TOWNSHIP_TOKENS,0,
nax629,인제,원대리 자작나무숲,인제군 인제읍 자작나무숲길 760 구글 지오코딩,1,0,,,MATCH_CANDIDATE,1,강원특별자치도 인제군 인제읍
nax630,인제,백담사,인제군 북면 백담로 746 구글 지오코딩,1,0,,,MATCH_CANDIDATE,1,강원특별자치도 인제군 북면
nax631,인제,내린천 래프팅,인제군 기린면 내린천로 구글 지오코딩,1,0,,,MATCH_CANDIDATE,1,강원특별자치도 인제군 기린면
nax632,인제,인제 스피디움,인제군 기린면 상하답로 130 구글 지오코딩,1,0,,,MATCH_CANDIDATE,1,강원특별자치도 인제군 기린면
nax633,태백,태백산 국립공원,태백시 소도동 구글 지오코딩,0,0,,,NO_EXACT_MUNICIPALITY_TOWNSHIP_TOKENS,0,
nax634,태백,검룡소,태백시 창죽동 산1-1 구글 지오코딩,0,0,,,NO_EXACT_MUNICIPALITY_TOWNSHIP_TOKENS,0,
nax635,태백,구문소,태백시 동점동 구글 지오코딩,0,0,,,NO_EXACT_MUNICIPALITY_TOWNSHIP_TOKENS,0,
nax636,태백,통리탄탄파크,태백시 통리로 구글 지오코딩,0,0,,,NO_EXACT_MUNICIPALITY_TOWNSHIP_TOKENS,0,
nax637,청주,상당산성,청주시 상당구 산성동 구글 지오코딩,0,0,,,NO_EXACT_MUNICIPALITY_TOWNSHIP_TOKENS,0,
nax638,청주,청남대,청주시 상당구 문의면 청남대길 646 구글 지오코딩,1,0,,,MATCH_CANDIDATE,1,충청북도 청주시 상당구 문의면
nax639,청주,수암골,청주시 상당구 수동로 15 구글 지오코딩,0,0,,,NO_EXACT_MUNICIPALITY_TOWNSHIP_TOKENS,0,
nax640,청주,고인쇄박물관,청주시 흥덕구 직지대로 713 구글 지오코딩,0,0,,,NO_EXACT_MUNICIPALITY_TOWNSHIP_TOKENS,0,
nax641,제천,청풍호반케이블카,제천시 청풍면 문화재길 166 구글 지오코딩,1,0,,,MATCH_CANDIDATE,1,충청북도 제천시 청풍면
nax642,제천,의림지,제천시 모산동 구글 지오코딩,0,0,,,NO_EXACT_MUNICIPALITY_TOWNSHIP_TOKENS,0,
nax643,제천,옥순봉 출렁다리,제천시 수산면 옥순봉로 구글 지오코딩,1,0,,,MATCH_CANDIDATE,1,충청북도 제천시 수산면
nax644,제천,배론성지,제천시 봉양읍 배론성지길 296 구글 지오코딩,1,0,,,MATCH_CANDIDATE,1,충청북도 제천시 봉양읍
nax645,단양,도담삼봉,단양군 매포읍 삼봉로 644 구글 지오코딩,1,0,,,MATCH_CANDIDATE,1,충청북도 단양군 매포읍
nax646,단양,만천하스카이워크,단양군 적성면 옷바위길 10 구글 지오코딩,1,0,,,MATCH_CANDIDATE,1,충청북도 단양군 적성면
nax647,단양,고수동굴,단양군 단양읍 고수동굴길 8 구글 지오코딩,1,0,,,MATCH_CANDIDATE,1,충청북도 단양군 단양읍
nax648,단양,단양 구경시장,단양군 단양읍 도전5길 31 구글 지오코딩,1,0,,,MATCH_CANDIDATE,1,충청북도 단양군 단양읍
nax649,보령,대천해수욕장,보령시 신흑동 구글 지오코딩,0,0,,,NO_EXACT_MUNICIPALITY_TOWNSHIP_TOKENS,0,
nax650,보령,무창포해수욕장,보령시 웅천읍 열린바다1길 구글 지오코딩,1,0,,,MATCH_CANDIDATE,1,충청남도 보령시 웅천읍
nax651,보령,개화예술공원,보령시 성주면 개화리 구글 지오코딩,1,0,,,MATCH_CANDIDATE,1,충청남도 보령시 성주면
nax652,보령,충청수영성,보령시 오천면 소성리 구글 지오코딩,1,0,,,MATCH_CANDIDATE,1,충청남도 보령시 오천면
nax653,아산,외암민속마을,아산시 송악면 외암민속길 42-15 구글 지오코딩,1,0,,,MATCH_CANDIDATE,1,충청남도 아산시 송악면
nax654,아산,현충사,아산시 염치읍 현충사길 126 구글 지오코딩,1,0,,,MATCH_CANDIDATE,1,충청남도 아산시 염치읍
nax655,아산,온양온천,아산시 온천동 구글 지오코딩,0,0,,,NO_EXACT_MUNICIPALITY_TOWNSHIP_TOKENS,0,
nax656,아산,신정호수공원,아산시 신정호길 구글 지오코딩,0,0,,,NO_EXACT_MUNICIPALITY_TOWNSHIP_TOKENS,0,
nax657,담양,죽녹원,담양군 담양읍 죽녹원로 119 구글 지오코딩,1,0,,,MATCH_CANDIDATE,1,전남광주통합특별시 담양군 담양읍
nax658,담양,메타세쿼이아 랜드,담양군 담양읍 학동리 구글 지오코딩,1,0,,,MATCH_CANDIDATE,1,전남광주통합특별시 담양군 담양읍
nax659,담양,소쇄원,담양군 가사문학면 소쇄원길 17 구글 지오코딩,1,0,,,MATCH_CANDIDATE,1,전남광주통합특별시 담양군 가사문학면
nax660,담양,관방제림,담양군 담양읍 객사리 구글 지오코딩,1,0,,,MATCH_CANDIDATE,1,전남광주통합특별시 담양군 담양읍
nax661,무주,덕유산 국립공원,무주군 설천면 구천동1로 구글 지오코딩,1,0,,,MATCH_CANDIDATE,1,전북특별자치도 무주군 설천면
nax662,무주,무주구천동 33경,무주군 설천면 구천동로 구글 지오코딩,1,0,,,MATCH_CANDIDATE,1,전북특별자치도 무주군 설천면
nax663,무주,태권도원,무주군 설천면 무주로 1482 구글 지오코딩,1,0,,,MATCH_CANDIDATE,1,전북특별자치도 무주군 설천면
nax664,무주,반디랜드,무주군 설천면 무주로 1482 구글 지오코딩,1,0,,,MATCH_CANDIDATE,1,전북특별자치도 무주군 설천면
nax665,부안,채석강,부안군 변산면 격포리 구글 지오코딩,1,0,,,MATCH_CANDIDATE,1,전북특별자치도 부안군 변산면
nax666,부안,내소사,부안군 진서면 내소사로 243 구글 지오코딩,1,0,,,MATCH_CANDIDATE,1,전북특별자치도 부안군 진서면
nax667,부안,변산해수욕장,부안군 변산면 변산로 구글 지오코딩,1,0,,,MATCH_CANDIDATE,1,전북특별자치도 부안군 변산면
nax668,부안,곰소염전,부안군 진서면 곰소리 구글 지오코딩,1,0,,,MATCH_CANDIDATE,1,전북특별자치도 부안군 진서면
nax669,완도,청산도,완도군 청산면 구글 지오코딩,1,0,,,MATCH_CANDIDATE,1,전남광주통합특별시 완도군 청산면
nax670,완도,완도타워,완도군 완도읍 장보고대로 330 구글 지오코딩,1,0,,,MATCH_CANDIDATE,1,전남광주통합특별시 완도군 완도읍
nax671,완도,명사십리해수욕장,완도군 신지면 명사십리로 구글 지오코딩,1,0,,,MATCH_CANDIDATE,1,전남광주통합특별시 완도군 신지면
nax672,완도,완도수목원,완도군 군외면 초평리 구글 지오코딩,1,0,,,MATCH_CANDIDATE,1,전남광주통합특별시 완도군 군외면
nax673,밀양,영남루,밀양시 중앙로 324 구글 지오코딩,0,0,,,NO_EXACT_MUNICIPALITY_TOWNSHIP_TOKENS,0,
nax674,밀양,밀양 얼음골,밀양시 산내면 남명리 구글 지오코딩,1,0,,,MATCH_CANDIDATE,1,경상남도 밀양시 산내면
nax675,밀양,표충사,밀양시 단장면 표충로 1338 구글 지오코딩,1,0,,,MATCH_CANDIDATE,1,경상남도 밀양시 단장면
nax676,밀양,호박소,밀양시 산내면 삼양리 구글 지오코딩,1,0,,,MATCH_CANDIDATE,1,경상남도 밀양시 산내면
nax677,청송,주왕산 국립공원,청송군 부동면 공원길 226 구글 지오코딩,0,0,,,NO_EXACT_MUNICIPALITY_TOWNSHIP_TOKENS,0,
nax678,청송,주산지,청송군 부동면 이전리 구글 지오코딩,0,0,,,NO_EXACT_MUNICIPALITY_TOWNSHIP_TOKENS,0,
nax679,청송,청송 얼음골,청송군 부동면 병부리 구글 지오코딩,0,0,,,NO_EXACT_MUNICIPALITY_TOWNSHIP_TOKENS,0,
nax680,청송,송소고택,청송군 파천면 송생지길 15-2 구글 지오코딩,1,0,,,MATCH_CANDIDATE,1,경상북도 청송군 파천면
nax681,영덕,강구항,영덕군 강구면 강구리 구글 지오코딩,1,0,,,MATCH_CANDIDATE,1,경상북도 영덕군 강구면
nax682,영덕,영덕 블루로드,영덕군 영덕읍 대탄리 구글 지오코딩,1,0,,,MATCH_CANDIDATE,1,경상북도 영덕군 영덕읍
nax683,영덕,삼사해상공원,영덕군 강구면 삼사181번길 27 구글 지오코딩,1,0,,,MATCH_CANDIDATE,1,경상북도 영덕군 강구면
nax684,영덕,장사해수욕장,영덕군 남정면 장사리 구글 지오코딩,1,0,,,MATCH_CANDIDATE,1,경상북도 영덕군 남정면
nax685,구미,금오산 도립공원,구미시 남통동 구글 지오코딩,0,0,,,NO_EXACT_MUNICIPALITY_TOWNSHIP_TOKENS,0,
nax686,구미,채미정,구미시 남통동 249 구글 지오코딩,0,0,,,NO_EXACT_MUNICIPALITY_TOWNSHIP_TOKENS,0,
nax687,구미,새마을운동테마공원,구미시 상모사곡동 구글 지오코딩,1,0,,,MATCH_CANDIDATE,1,경상북도 구미시 상모사곡동
nax688,구미,낙동강체육공원,구미시 지산동 구글 지오코딩,1,0,,,MATCH_CANDIDATE,1,경상북도 구미시 지산동
nax689,세종,세종호수공원,세종시 세종동 산1-1 구글 지오코딩,0,0,,,NO_EXACT_MUNICIPALITY_TOWNSHIP_TOKENS,0,
nax690,세종,국립세종수목원,세종시 연기면 수목원로 136 구글 지오코딩,0,0,,,NO_EXACT_MUNICIPALITY_TOWNSHIP_TOKENS,0,
nax691,세종,베어트리파크,세종시 전동면 신송로 217 구글 지오코딩,0,0,,,NO_EXACT_MUNICIPALITY_TOWNSHIP_TOKENS,0,
nax692,세종,고복자연공원,세종시 연서면 용암리 구글 지오코딩,0,0,,,NO_EXACT_MUNICIPALITY_TOWNSHIP_TOKENS,0,
nax701,서울,서울숲,성동구 뚝섬로 273 구글 지오코딩,0,0,,,NO_EXACT_MUNICIPALITY_TOWNSHIP_TOKENS,0,
nax702,서울,청와대,종로구 청와대로 1 구글 지오코딩,0,0,,,NO_EXACT_MUNICIPALITY_TOWNSHIP_TOKENS,0,
nax703,서울,북서울꿈의숲,강북구 월계로 173 구글 지오코딩,0,0,,,NO_EXACT_MUNICIPALITY_TOWNSHIP_TOKENS,0,
nax704,서울,서울대공원,과천시 대공원광장로 102 구글 지오코딩,0,0,,,NO_EXACT_MUNICIPALITY_TOWNSHIP_TOKENS,0,
nax705,서울,서울랜드,과천시 광명로 181 구글 지오코딩,0,0,,,NO_EXACT_MUNICIPALITY_TOWNSHIP_TOKENS,0,
nax706,서울,잠실야구장,송파구 올림픽로 25 구글 지오코딩,0,0,,,NO_EXACT_MUNICIPALITY_TOWNSHIP_TOKENS,0,
nax707,서울,고척스카이돔,구로구 경인로 430 구글 지오코딩,0,0,,,NO_EXACT_MUNICIPALITY_TOWNSHIP_TOKENS,0,
nax708,서울,길상사,성북구 선잠로5길 68 구글 지오코딩,0,0,,,NO_EXACT_MUNICIPALITY_TOWNSHIP_TOKENS,0,
nax709,서울,아차산,광진구 광장동 구글 지오코딩,1,0,,,MATCH_CANDIDATE,1,서울특별시 광진구 광장동
nax710,서울,세빛섬,서초구 올림픽대로 683 구글 지오코딩,0,0,,,NO_EXACT_MUNICIPALITY_TOWNSHIP_TOKENS,0,
nax711,서울,더현대 서울,영등포구 여의대로 108 구글 지오코딩,0,0,,,NO_EXACT_MUNICIPALITY_TOWNSHIP_TOKENS,0,
nax712,서울,국립항공박물관,강서구 하늘길 177 구글 지오코딩,0,0,,,NO_EXACT_MUNICIPALITY_TOWNSHIP_TOKENS,0,
nax713,서울,문래동 창작촌,영등포구 문래동3가 구글 지오코딩,0,0,,,NO_EXACT_MUNICIPALITY_TOWNSHIP_TOKENS,0,
nax714,서울,응봉산 팔각정,성동구 응봉동 산10-1 구글 지오코딩,1,0,,,MATCH_CANDIDATE,1,서울특별시 성동구 응봉동
nax715,인천,석모도 미네랄온천,강화군 삼산면 삼산남로 865-17 구글 지오코딩,1,0,,,MATCH_CANDIDATE,1,인천광역시 강화군 삼산면
nax716,인천,교동도 대룡시장,강화군 교동면 대룡안길 구글 지오코딩,1,0,,,MATCH_CANDIDATE,1,인천광역시 강화군 교동면
nax717,인천,송도 트리플스트리트,연수구 송도과학로16번길 33-3 구글 지오코딩,0,0,,,NO_EXACT_MUNICIPALITY_TOWNSHIP_TOKENS,0,
nax718,수원,창룡문,수원시 팔달구 창룡대로 구글 지오코딩,0,0,,,NO_EXACT_MUNICIPALITY_TOWNSHIP_TOKENS,0,
nax719,수원,수원 남문시장,수원시 팔달구 팔달로2가 구글 지오코딩,0,0,,,NO_EXACT_MUNICIPALITY_TOWNSHIP_TOKENS,0,
nax720,수원,수원 KT위즈파크,수원시 장안구 경수대로 893 구글 지오코딩,0,0,,,NO_EXACT_MUNICIPALITY_TOWNSHIP_TOKENS,0,
nax721,수원,광교산,수원시 장안구 광교산로 구글 지오코딩,0,0,,,NO_EXACT_MUNICIPALITY_TOWNSHIP_TOKENS,0,
nax722,고양,서오릉,고양시 덕양구 서오릉로 334-32 구글 지오코딩,0,0,,,NO_EXACT_MUNICIPALITY_TOWNSHIP_TOKENS,0,
nax723,고양,원마운트,고양시 일산서구 한류월드로 300 구글 지오코딩,0,0,,,NO_EXACT_MUNICIPALITY_TOWNSHIP_TOKENS,0,
nax724,용인,캐리비안베이,용인시 처인구 포곡읍 에버랜드로 199 구글 지오코딩,1,0,,,MATCH_CANDIDATE,1,경기도 용인시 처인구 포곡읍
nax725,용인,와우정사,용인시 처인구 해곡로 25-15 구글 지오코딩,0,0,,,NO_EXACT_MUNICIPALITY_TOWNSHIP_TOKENS,0,
nax726,파주,감악산 출렁다리,파주시 적성면 설마리 구글 지오코딩,1,0,,,MATCH_CANDIDATE,1,경기도 파주시 적성면
nax727,파주,오두산 통일전망대,파주시 탄현면 필승로 369 구글 지오코딩,1,0,,,MATCH_CANDIDATE,1,경기도 파주시 탄현면
nax728,파주,벽초지수목원,파주시 광탄면 부흥로 242 구글 지오코딩,1,0,,,MATCH_CANDIDATE,1,경기도 파주시 광탄면
nax729,가평,에델바이스 스위스테마파크,가평군 설악면 다락재로 226-33 구글 지오코딩,1,0,,,MATCH_CANDIDATE,1,경기도 가평군 설악면
nax730,가평,청평호반,가평군 청평면 호반로 구글 지오코딩,1,0,,,MATCH_CANDIDATE,1,경기도 가평군 청평면
nax731,포천,비둘기낭폭포,포천시 영북면 대회산리 구글 지오코딩,1,0,,,MATCH_CANDIDATE,1,경기도 포천시 영북면
nax732,포천,한탄강 하늘다리,포천시 영북면 비둘기낭길 구글 지오코딩,1,0,,,MATCH_CANDIDATE,1,경기도 포천시 영북면
nax733,포천,평강랜드,포천시 영북면 우물목길 210-89 구글 지오코딩,1,0,,,MATCH_CANDIDATE,1,경기도 포천시 영북면
nax734,춘천,강촌레일파크,춘천시 신동면 김유정로 1383 구글 지오코딩,1,0,,,MATCH_CANDIDATE,1,강원특별자치도 춘천시 신동면
nax735,춘천,제이드가든,춘천시 남산면 햇골길 80 구글 지오코딩,1,0,,,MATCH_CANDIDATE,1,강원특별자치도 춘천시 남산면
nax736,춘천,구곡폭포,춘천시 남산면 구곡길 254 구글 지오코딩,1,0,,,MATCH_CANDIDATE,1,강원특별자치도 춘천시 남산면
nax737,춘천,애니메이션박물관,춘천시 서면 박사로 854 구글 지오코딩,1,0,,,MATCH_CANDIDATE,1,강원특별자치도 춘천시 서면
nax738,강릉,하슬라아트월드,강릉시 강동면 율곡로 1441 구글 지오코딩,1,0,,,MATCH_CANDIDATE,1,강원특별자치도 강릉시 강동면
nax739,강릉,정동심곡 바다부채길,강릉시 강동면 헌화로 950-39 구글 지오코딩,1,0,,,MATCH_CANDIDATE,1,강원특별자치도 강릉시 강동면
nax740,강릉,안반데기,강릉시 왕산면 안반데기길 구글 지오코딩,1,0,,,MATCH_CANDIDATE,1,강원특별자치도 강릉시 왕산면
nax741,강릉,솔향수목원,강릉시 구정면 수목원길 156 구글 지오코딩,1,0,,,MATCH_CANDIDATE,1,강원특별자치도 강릉시 구정면
nax742,강릉,강릉커피박물관,강릉시 왕산면 왕산로 2171-19 구글 지오코딩,1,0,,,MATCH_CANDIDATE,1,강원특별자치도 강릉시 왕산면
nax743,속초,흔들바위·울산바위,속초시 설악산로 구글 지오코딩,0,0,,,NO_EXACT_MUNICIPALITY_TOWNSHIP_TOKENS,0,
nax744,속초,영랑호 범바위,속초시 영랑동 구글 지오코딩,1,0,,,MATCH_CANDIDATE,1,강원특별자치도 속초시 영랑동
nax745,속초,척산온천,속초시 관광로 419 구글 지오코딩,0,0,,,NO_EXACT_MUNICIPALITY_TOWNSHIP_TOKENS,0,
nax746,평창,대관령 삼양목장,평창군 대관령면 꽃밭양지길 708-9 구글 지오코딩,1,0,,,MATCH_CANDIDATE,1,강원특별자치도 평창군 대관령면
nax747,평창,육백마지기,평창군 미탄면 청옥산길 구글 지오코딩,1,0,,,MATCH_CANDIDATE,1,강원특별자치도 평창군 미탄면
nax748,평창,허브나라농원,평창군 봉평면 흥정계곡길 225 구글 지오코딩,1,0,,,MATCH_CANDIDATE,1,강원특별자치도 평창군 봉평면
nax761,부산,황령산 봉수대,부산진구 전포동 산50-1 구글 지오코딩,0,0,,,NO_EXACT_MUNICIPALITY_TOWNSHIP_TOKENS,0,
nax762,부산,송상현광장,부산진구 중앙대로 782 구글 지오코딩,0,0,,,NO_EXACT_MUNICIPALITY_TOWNSHIP_TOKENS,0,
nax763,부산,다대포해수욕장,사하구 몰운대1길 14 구글 지오코딩,0,0,,,NO_EXACT_MUNICIPALITY_TOWNSHIP_TOKENS,0,
nax764,부산,임랑해수욕장,기장군 장안읍 임랑리 구글 지오코딩,1,0,,,MATCH_CANDIDATE,1,부산광역시 기장군 장안읍
nax765,부산,아난티 코브,기장군 기장읍 기장해안로 268-32 구글 지오코딩,1,0,,,MATCH_CANDIDATE,1,부산광역시 기장군 기장읍
nax766,대구,대구 근대골목,중구 서성로 20 구글 지오코딩,0,0,,,NO_EXACT_MUNICIPALITY_TOWNSHIP_TOKENS,0,
nax767,대구,서문시장 야시장,중구 큰장로26길 45 구글 지오코딩,0,0,,,NO_EXACT_MUNICIPALITY_TOWNSHIP_TOKENS,0,
nax768,대구,팔공산 갓바위,경산시 와촌면 갓바위로 구글 지오코딩,1,0,,,MATCH_CANDIDATE,1,경상북도 경산시 와촌면
nax769,대구,아양기찻길,동구 효동로2길 73 구글 지오코딩,0,0,,,NO_EXACT_MUNICIPALITY_TOWNSHIP_TOKENS,0,
nax770,대구,스파밸리,달성군 가창면 온천1길 71 구글 지오코딩,1,0,,,MATCH_CANDIDATE,1,대구광역시 달성군 가창면
nax771,경주,골굴사,경주시 문무대왕면 기림로 101-5 구글 지오코딩,1,0,,,MATCH_CANDIDATE,1,경상북도 경주시 문무대왕면
nax772,경주,기림사,경주시 문무대왕면 기림로 437-17 구글 지오코딩,1,0,,,MATCH_CANDIDATE,1,경상북도 경주시 문무대왕면
nax773,경주,양남 주상절리 파도소리길,경주시 양남면 read동해안로 구글 지오코딩,1,0,,,MATCH_CANDIDATE,1,경상북도 경주시 양남면
nax774,울산,십리대숲,중구 태화강 국가정원 구글 지오코딩,0,0,,,NO_EXACT_MUNICIPALITY_TOWNSHIP_TOKENS,0,
nax775,울산,슬도,동구 방어동 구글 지오코딩,1,0,,,MATCH_CANDIDATE,1,울산광역시 동구 방어동
nax776,울산,강동 몽돌해변,북구 산하동 구글 지오코딩,0,0,,,NO_EXACT_MUNICIPALITY_TOWNSHIP_TOKENS,0,
nax777,창원,저도 콰이강의다리,창원시 마산합포구 구산면 해양관광로 1872 구글 지오코딩,1,0,,,MATCH_CANDIDATE,1,경상남도 창원시 마산합포구 구산면
nax778,창원,진해해양공원,창원시 진해구 명동로 62 구글 지오코딩,0,0,,,NO_EXACT_MUNICIPALITY_TOWNSHIP_TOKENS,0,
nax779,창원,마산해양드라마세트장,창원시 마산합포구 가포로 250 구글 지오코딩,0,0,,,NO_EXACT_MUNICIPALITY_TOWNSHIP_TOKENS,0,
nax780,통영,소매물도,통영시 한산면 매죽리 구글 지오코딩,1,0,,,MATCH_CANDIDATE,1,경상남도 통영시 한산면
nax781,통영,연화도,통영시 욕지면 연화리 구글 지오코딩,1,0,,,MATCH_CANDIDATE,1,경상남도 통영시 욕지면
nax782,통영,사량도,통영시 사량면 구글 지오코딩,1,0,,,MATCH_CANDIDATE,1,경상남도 통영시 사량면
nax783,거제,공곶이,거제시 일운면 와현리 구글 지오코딩,1,0,,,MATCH_CANDIDATE,1,경상남도 거제시 일운면
nax784,거제,근포동굴,거제시 남부면 근포마을 구글 지오코딩,1,0,,,MATCH_CANDIDATE,1,경상남도 거제시 남부면
nax785,거제,여차몽돌해변,거제시 남부면 여차길 구글 지오코딩,1,0,,,MATCH_CANDIDATE,1,경상남도 거제시 남부면
nax786,전주,완산칠봉 꽃동산,완산구 곤지산길 구글 지오코딩,0,0,,,NO_EXACT_MUNICIPALITY_TOWNSHIP_TOKENS,0,
nax787,전주,아중호수,덕진구 우아동 구글 지오코딩,0,0,,,NO_EXACT_MUNICIPALITY_TOWNSHIP_TOKENS,0,
nax788,전주,치명자산성지,완산구 바람쐬는길 89 구글 지오코딩,0,0,,,NO_EXACT_MUNICIPALITY_TOWNSHIP_TOKENS,0,
nax789,광주,국립 5·18 민주묘지,북구 민주로 200 구글 지오코딩,0,0,,,NO_EXACT_MUNICIPALITY_TOWNSHIP_TOKENS,0,
nax790,광주,사직공원 전망타워,남구 사직길 49 구글 지오코딩,0,0,,,NO_EXACT_MUNICIPALITY_TOWNSHIP_TOKENS,0,
nax791,광주,펭귄마을,남구 천변좌로446번길 7 구글 지오코딩,0,0,,,NO_EXACT_MUNICIPALITY_TOWNSHIP_TOKENS,0,
nax792,여수,하화도 꽃섬,여수시 화정면 하화리 구글 지오코딩,1,0,,,MATCH_CANDIDATE,1,전남광주통합특별시 여수시 화정면
nax793,여수,고소동 천사벽화골목,여수시 고소3길 구글 지오코딩,0,0,,,NO_EXACT_MUNICIPALITY_TOWNSHIP_TOKENS,0,
nax794,여수,만성리 검은모래해변,여수시 만흥동 구글 지오코딩,0,0,,,NO_EXACT_MUNICIPALITY_TOWNSHIP_TOKENS,0,
nax795,목포,삼학도,목포시 삼학로 구글 지오코딩,0,0,,,NO_EXACT_MUNICIPALITY_TOWNSHIP_TOKENS,0,
nax796,목포,고하도 용머리,목포시 달동 구글 지오코딩,0,0,,,NO_EXACT_MUNICIPALITY_TOWNSHIP_TOKENS,0,
nax797,목포,서산동 시화골목,목포시 해안로127번길 구글 지오코딩,0,0,,,NO_EXACT_MUNICIPALITY_TOWNSHIP_TOKENS,0,
nax798,순천,송광사,순천시 송광면 송광사안길 100 구글 지오코딩,1,0,,,MATCH_CANDIDATE,1,전남광주통합특별시 순천시 송광면
nax799,순천,조계산,순천시 승주읍 구글 지오코딩,1,0,,,MATCH_CANDIDATE,1,전남광주통합특별시 순천시 승주읍
nax800,순천,뿌리깊은나무박물관,순천시 낙안면 평촌3길 45 구글 지오코딩,1,0,,,MATCH_CANDIDATE,1,전남광주통합특별시 순천시 낙안면
nax801,제주,비자림로 삼나무길,제주시 구좌읍 비자림로 구글 지오코딩,1,0,,,MATCH_CANDIDATE,1,제주특별자치도 제주시 구좌읍
nax802,제주,김녕 미로공원,제주시 구좌읍 만장굴길 122 구글 지오코딩,1,0,,,MATCH_CANDIDATE,1,제주특별자치도 제주시 구좌읍
nax803,제주,아쿠아플라넷 제주,서귀포시 성산읍 섭지코지로 95 구글 지오코딩,1,0,,,MATCH_CANDIDATE,1,제주특별자치도 서귀포시 성산읍
nax804,제주,스누피가든,제주시 구좌읍 금백조로 930 구글 지오코딩,1,0,,,MATCH_CANDIDATE,1,제주특별자치도 제주시 구좌읍
nax805,제주,함덕 서우봉,제주시 조천읍 함덕리 구글 지오코딩,1,0,,,MATCH_CANDIDATE,1,제주특별자치도 제주시 조천읍
nax821,안동,봉정사,안동시 서후면 봉정사길 222 구글 지오코딩,1,0,,,MATCH_CANDIDATE,1,경상북도 안동시 서후면
nax822,안동,만휴정,안동시 길안면 묵계하리길 42 구글 지오코딩,1,0,,,MATCH_CANDIDATE,1,경상북도 안동시 길안면
nax823,안동,예끼마을,안동시 도산면 서부리 구글 지오코딩,1,0,,,MATCH_CANDIDATE,1,경상북도 안동시 도산면
nax824,경주,남산 삼릉,경주시 배동 산73 구글 지오코딩,0,0,,,NO_EXACT_MUNICIPALITY_TOWNSHIP_TOKENS,0,
nax825,경주,무장사지,경주시 암곡동 구글 지오코딩,0,0,,,NO_EXACT_MUNICIPALITY_TOWNSHIP_TOKENS,0,
nax826,경주,황남빵 본점,경주시 태종로 783 구글 지오코딩,0,0,,,NO_EXACT_MUNICIPALITY_TOWNSHIP_TOKENS,0,
nax827,포항,이가리 닻전망대,포항시 북구 청하면 이가리 구글 지오코딩,1,0,,,MATCH_CANDIDATE,1,경상북도 포항시 북구 청하면
nax828,포항,호미반도 해안둘레길,포항시 남구 동해면 구글 지오코딩,1,0,,,MATCH_CANDIDATE,1,경상북도 포항시 남구 동해면
nax829,포항,오어사,포항시 남구 오천읍 오어로 1 구글 지오코딩,1,0,,,MATCH_CANDIDATE,1,경상북도 포항시 남구 오천읍
nax830,대전,장태산자연휴양림,서구 장안로 461 구글 지오코딩,0,0,,,NO_EXACT_MUNICIPALITY_TOWNSHIP_TOKENS,0,
nax831,대전,수통골,유성구 덕명동 구글 지오코딩,0,0,,,NO_EXACT_MUNICIPALITY_TOWNSHIP_TOKENS,0,
nax832,대전,신세계 아트앤사이언스,유성구 엑스포로 1 구글 지오코딩,0,0,,,NO_EXACT_MUNICIPALITY_TOWNSHIP_TOKENS,0,
nax833,청주,문의문화재단지,상당구 문의면 대청호반로 721 구글 지오코딩,0,0,,,NO_EXACT_MUNICIPALITY_TOWNSHIP_TOKENS,0,
nax834,청주,미동산수목원,상당구 미원면 수목원길 51 구글 지오코딩,0,0,,,NO_EXACT_MUNICIPALITY_TOWNSHIP_TOKENS,0,
nax835,천안,광덕사,동남구 광덕면 광덕사길 30 구글 지오코딩,0,0,,,NO_EXACT_MUNICIPALITY_TOWNSHIP_TOKENS,0,
nax836,공주,계룡산 갑사,공주시 계룡면 갑사로 567-3 구글 지오코딩,1,0,,,MATCH_CANDIDATE,1,충청남도 공주시 계룡면
nax837,공주,고마나루,공주시 웅진동 구글 지오코딩,1,0,,,MATCH_CANDIDATE,1,충청남도 공주시 웅진동
nax838,전주,덕진채련,덕진구 권삼득로 390 구글 지오코딩,0,0,,,NO_EXACT_MUNICIPALITY_TOWNSHIP_TOKENS,0,
nax839,전주,동고산성,완산구 교동 산1-1 구글 지오코딩,0,0,,,NO_EXACT_MUNICIPALITY_TOWNSHIP_TOKENS,0,
nax840,남원,지리산 정령치,남원시 산내면 지리산로 구글 지오코딩,1,0,,,MATCH_CANDIDATE,1,전북특별자치도 남원시 산내면
nax841,남원,혼불문학관,남원시 사매면 노봉안길 52 구글 지오코딩,1,0,,,MATCH_CANDIDATE,1,전북특별자치도 남원시 사매면
nax842,순천,선암사 승선교,순천시 승주읍 선암사길 구글 지오코딩,1,0,,,MATCH_CANDIDATE,1,전남광주통합특별시 순천시 승주읍
nax843,목포,평화광장 춤추는바다분수,목포시 평화로 82 구글 지오코딩,0,0,,,NO_EXACT_MUNICIPALITY_TOWNSHIP_TOKENS,0,
nax844,군산,새만금방조제,군산시 비응도동 구글 지오코딩,0,0,,,NO_EXACT_MUNICIPALITY_TOWNSHIP_TOKENS,0,
nax845,군산,은파호수공원,군산시 은파순환길 구글 지오코딩,0,0,,,NO_EXACT_MUNICIPALITY_TOWNSHIP_TOKENS,0,
nax846,군산,진포해양테마공원,군산시 내항1길 32 구글 지오코딩,0,0,,,NO_EXACT_MUNICIPALITY_TOWNSHIP_TOKENS,0,
nax847,익산,익산 교도소세트장,익산시 성당면 함낭로 207 구글 지오코딩,1,0,,,MATCH_CANDIDATE,1,전북특별자치도 익산시 성당면
nax848,익산,금마저수지,익산시 금마면 구글 지오코딩,1,0,,,MATCH_CANDIDATE,1,전북특별자치도 익산시 금마면
nax849,부산,을숙도 생태공원,사하구 낙동남로 1240 구글 지오코딩,0,0,,,NO_EXACT_MUNICIPALITY_TOWNSHIP_TOKENS,0,
nax850,부산,오랑대공원,기장군 기장읍 연화리 구글 지오코딩,1,0,,,MATCH_CANDIDATE,1,부산광역시 기장군 기장읍
nax851,부산,청사포 다릿돌전망대,해운대구 청사포로 167 구글 지오코딩,0,0,,,NO_EXACT_MUNICIPALITY_TOWNSHIP_TOKENS,0,
nax852,김해,봉하마을,김해시 진영읍 본산리 구글 지오코딩,1,0,,,MATCH_CANDIDATE,1,경상남도 김해시 진영읍
nax853,김해,분청도자박물관,김해시 진례면 진례로 275-9 구글 지오코딩,1,0,,,MATCH_CANDIDATE,1,경상남도 김해시 진례면
nax854,양산,통도환타지아,양산시 하북면 지산리 구글 지오코딩,1,0,,,MATCH_CANDIDATE,1,경상남도 양산시 하북면
nax855,양산,에덴밸리,양산시 원동면 어실로 1206 구글 지오코딩,1,0,,,MATCH_CANDIDATE,1,경상남도 양산시 원동면
nax856,밀양,위양지,밀양시 부북면 위양리 구글 지오코딩,1,0,,,MATCH_CANDIDATE,1,경상남도 밀양시 부북면
nax857,밀양,트윈터널,밀양시 삼랑진읍 삼랑진로 구글 지오코딩,1,0,,,MATCH_CANDIDATE,1,경상남도 밀양시 삼랑진읍
nax858,진주,진양호 동물원,진주시 판문동 구글 지오코딩,1,0,,,MATCH_CANDIDATE,1,경상남도 진주시 판문동
nax859,거창,수승대,거창군 위천면 은하리길 2 구글 지오코딩,1,0,,,MATCH_CANDIDATE,1,경상남도 거창군 위천면
nax860,거창,금원산자연휴양림,거창군 위천면 금원산길 412 구글 지오코딩,1,0,,,MATCH_CANDIDATE,1,경상남도 거창군 위천면
nax861,상주,경천대,상주시 사벌국면 경천로 684 구글 지오코딩,1,0,,,MATCH_CANDIDATE,1,경상북도 상주시 사벌국면
nax862,상주,상주 자전거박물관,상주시 사벌국면 경천로 684 구글 지오코딩,1,0,,,MATCH_CANDIDATE,1,경상북도 상주시 사벌국면
nax881,제주,서귀포 치유의숲,서귀포시 산록남로 2271 구글 지오코딩,0,0,,,NO_EXACT_MUNICIPALITY_TOWNSHIP_TOKENS,0,
nax882,제주,소정방폭포,서귀포시 칠십리로 214번길 구글 지오코딩,0,0,,,NO_EXACT_MUNICIPALITY_TOWNSHIP_TOKENS,0,
nax883,제주,엉또폭포,서귀포시 엉또로 121 구글 지오코딩,0,0,,,NO_EXACT_MUNICIPALITY_TOWNSHIP_TOKENS,0,
nax884,제주,감귤박물관,서귀포시 효돈순환로 441 구글 지오코딩,0,0,,,NO_EXACT_MUNICIPALITY_TOWNSHIP_TOKENS,0,
nax885,제주,절물오름,제주시 명림로 584 구글 지오코딩,0,0,,,NO_EXACT_MUNICIPALITY_TOWNSHIP_TOKENS,0,
nax886,제주,삼양검은모래해변,제주시 삼양이동 구글 지오코딩,0,0,,,NO_EXACT_MUNICIPALITY_TOWNSHIP_TOKENS,0,
nax887,제주,용연구름다리,제주시 용담1동 구글 지오코딩,1,0,,,MATCH_CANDIDATE,1,제주특별자치도 제주시 용담1동
nax888,제주,도두동 무지개해안도로,제주시 도두일동 구글 지오코딩,0,0,,,NO_EXACT_MUNICIPALITY_TOWNSHIP_TOKENS,0,
nax889,동해,논골담길,동해시 묵호진동 구글 지오코딩,0,0,,,NO_EXACT_MUNICIPALITY_TOWNSHIP_TOKENS,0,
nax890,동해,무릉별유천지,동해시 삼화로 584 구글 지오코딩,0,0,,,NO_EXACT_MUNICIPALITY_TOWNSHIP_TOKENS,0,
nax891,정선,정선 스카이워크,정선군 북평면 북평8길 12 구글 지오코딩,1,0,,,MATCH_CANDIDATE,1,강원특별자치도 정선군 북평면
nax892,정선,민둥산 억새,정선군 남면 무릉리 구글 지오코딩,1,0,,,MATCH_CANDIDATE,1,강원특별자치도 정선군 남면
nax893,영월,청령포 관음송,영월군 남면 광천리 구글 지오코딩,1,0,,,MATCH_CANDIDATE,1,강원특별자치도 영월군 남면
nax894,충주,탄금대,충주시 탄금대안길 105 구글 지오코딩,0,0,,,NO_EXACT_MUNICIPALITY_TOWNSHIP_TOKENS,0,
nax895,충주,중원 미륵리사지,충주시 수안보면 미륵리 구글 지오코딩,1,0,,,MATCH_CANDIDATE,1,충청북도 충주시 수안보면
nax896,단양,사인암,단양군 대강면 사인암길 37 구글 지오코딩,1,0,,,MATCH_CANDIDATE,1,충청북도 단양군 대강면
nax897,단양,온달관광지,단양군 영춘면 온달로 23 구글 지오코딩,1,0,,,MATCH_CANDIDATE,1,충청북도 단양군 영춘면
nax898,제천,정방사,제천시 수산면 옥순봉로12길 165 구글 지오코딩,1,0,,,MATCH_CANDIDATE,1,충청북도 제천시 수산면
nax899,제천,능강계곡,제천시 수산면 능강리 구글 지오코딩,1,0,,,MATCH_CANDIDATE,1,충청북도 제천시 수산면
nax900,아산,공세리성당,아산시 인주면 공세리성당길 10 구글 지오코딩,1,0,,,MATCH_CANDIDATE,1,충청남도 아산시 인주면
nax901,아산,지중해마을,아산시 탕정면 탕정면로 108번길 구글 지오코딩,1,0,,,MATCH_CANDIDATE,1,충청남도 아산시 탕정면
nax902,당진,왜목마을,당진시 석문면 왜목길 구글 지오코딩,1,0,,,MATCH_CANDIDATE,1,충청남도 당진시 석문면
nax903,당진,삽교호 함상공원,당진시 신평면 삽교천3길 79 구글 지오코딩,1,0,,,MATCH_CANDIDATE,1,충청남도 당진시 신평면
nax904,당진,아미미술관,당진시 순성면 남부로 753-4 구글 지오코딩,1,0,,,MATCH_CANDIDATE,1,충청남도 당진시 순성면
nax905,서산,해미읍성,서산시 해미면 남문2로 143 구글 지오코딩,1,0,,,MATCH_CANDIDATE,1,충청남도 서산시 해미면
nax906,서산,개심사,서산시 운산면 개심사로 321-86 구글 지오코딩,1,0,,,MATCH_CANDIDATE,1,충청남도 서산시 운산면
nax907,서산,간월암,서산시 부석면 간월도1길 119-29 구글 지오코딩,1,0,,,MATCH_CANDIDATE,1,충청남도 서산시 부석면
nax908,홍성,남당항,홍성군 서부면 남당항로 구글 지오코딩,1,0,,,MATCH_CANDIDATE,1,충청남도 홍성군 서부면
nax909,홍성,홍주읍성,홍성군 홍성읍 아문길 30 구글 지오코딩,1,0,,,MATCH_CANDIDATE,1,충청남도 홍성군 홍성읍
nax910,예산,수덕사,예산군 덕산면 수덕사안길 79 구글 지오코딩,1,0,,,MATCH_CANDIDATE,1,충청남도 예산군 덕산면
nax911,예산,예당호 출렁다리,예산군 응봉면 상항리 구글 지오코딩,1,0,,,MATCH_CANDIDATE,1,충청남도 예산군 응봉면
nax912,양양,휴휴암,양양군 현남면 광진2길 3-16 구글 지오코딩,1,0,,,MATCH_CANDIDATE,1,강원특별자치도 양양군 현남면
nax913,양양,남애항,양양군 현남면 남애리 구글 지오코딩,1,0,,,MATCH_CANDIDATE,1,강원특별자치도 양양군 현남면
nax914,고성(강원),고성 통일전망대,고성군 현내면 통일전망대로 481 구글 지오코딩,1,0,,,MATCH_CANDIDATE,1,강원특별자치도 고성군 현내면
nax915,고성(강원),화진포,고성군 거진읍 화진포길 구글 지오코딩,1,0,,,MATCH_CANDIDATE,1,강원특별자치도 고성군 거진읍
nax916,고성(강원),왕곡마을,고성군 죽왕면 왕곡마을길 구글 지오코딩,1,0,,,MATCH_CANDIDATE,1,강원특별자치도 고성군 죽왕면
nax917,철원,소이산 전망대,철원군 철원읍 사요리 구글 지오코딩,1,0,,,MATCH_CANDIDATE,1,강원특별자치도 철원군 철원읍
nax918,문경,에코랄라,문경시 가은읍 왕능길 114 구글 지오코딩,1,0,,,MATCH_CANDIDATE,1,경상북도 문경시 가은읍
nax919,문경,쌍용계곡,문경시 농암면 내서리 구글 지오코딩,1,0,,,MATCH_CANDIDATE,1,경상북도 문경시 농암면
nax920,영주,소백산 국립공원,영주시 풍기읍 죽령로 구글 지오코딩,1,0,,,MATCH_CANDIDATE,1,경상북도 영주시 풍기읍
nax921,영주,희방폭포,영주시 풍기읍 죽령로 1720-14 구글 지오코딩,1,0,,,MATCH_CANDIDATE,1,경상북도 영주시 풍기읍
nax930,김해,국립김해박물관,김해시 가야의길 190 구글 지오코딩,0,0,,,NO_EXACT_MUNICIPALITY_TOWNSHIP_TOKENS,0,
nax931,김해,봉황동 유적,김해시 봉황동 253 구글 지오코딩,0,0,,,NO_EXACT_MUNICIPALITY_TOWNSHIP_TOKENS,0,
nax932,김해,김해 수릉원,김해시 가야의길 126 구글 지오코딩,0,0,,,NO_EXACT_MUNICIPALITY_TOWNSHIP_TOKENS,0,
nax933,김해,김해 연지공원,김해시 연지로 108 구글 지오코딩,0,0,,,NO_EXACT_MUNICIPALITY_TOWNSHIP_TOKENS,0,
nax934,김해,김해천문대,김해시 분성로 231-70 구글 지오코딩,0,0,,,NO_EXACT_MUNICIPALITY_TOWNSHIP_TOKENS,0,
nax935,김해,은하사,김해시 삼방동 882 구글 지오코딩,0,0,,,NO_EXACT_MUNICIPALITY_TOWNSHIP_TOKENS,0,
nax936,김해,클레이아크김해미술관,김해시 진례면 진례로 275-51 구글 지오코딩,1,0,,,MATCH_CANDIDATE,1,경상남도 김해시 진례면
nax937,김해,낙동강 레일파크,김해시 생림면 마사리 구글 지오코딩,1,0,,,MATCH_CANDIDATE,1,경상남도 김해시 생림면
nax938,김해,화포천 습지생태공원,김해시 한림면 한림로 183-300 구글 지오코딩,1,0,,,MATCH_CANDIDATE,1,경상남도 김해시 한림면
nax939,김해,김해롯데워터파크,김해시 장유로 555 구글 지오코딩,0,0,,,NO_EXACT_MUNICIPALITY_TOWNSHIP_TOKENS,0,
nax940,김해,김해한옥체험관,김해시 가락로93번길 40 구글 지오코딩,0,0,,,NO_EXACT_MUNICIPALITY_TOWNSHIP_TOKENS,0,
nax941,김해,장유대청계곡,김해시 대청동 구글 지오코딩,0,0,,,NO_EXACT_MUNICIPALITY_TOWNSHIP_TOKENS,0,
nax950,창원,제황산공원 진해탑,진해구 제황산동 28-6 구글 지오코딩,0,0,,,NO_EXACT_MUNICIPALITY_TOWNSHIP_TOKENS,0,
nax951,창원,경화역 공원,진해구 진해대로 611 구글 지오코딩,0,0,,,NO_EXACT_MUNICIPALITY_TOWNSHIP_TOKENS,0,
nax952,창원,진해루,진해구 웅천동로 21 구글 지오코딩,0,0,,,NO_EXACT_MUNICIPALITY_TOWNSHIP_TOKENS,0,
nax953,창원,안민고개 전망대,진해구 태백동 산 구글 지오코딩,0,0,,,NO_EXACT_MUNICIPALITY_TOWNSHIP_TOKENS,0,
nax954,창원,창동예술촌,마산합포구 오동서6길 24 구글 지오코딩,0,0,,,NO_EXACT_MUNICIPALITY_TOWNSHIP_TOKENS,0,
nax955,창원,문신미술관,마산합포구 문신길 147 구글 지오코딩,0,0,,,NO_EXACT_MUNICIPALITY_TOWNSHIP_TOKENS,0,
nax956,창원,국립3·15민주묘지,마산회원구 3·15성역로 75 구글 지오코딩,0,0,,,NO_EXACT_MUNICIPALITY_TOWNSHIP_TOKENS,0,
nax957,창원,무학산,마산합포구 교방동 산 구글 지오코딩,0,0,,,NO_EXACT_MUNICIPALITY_TOWNSHIP_TOKENS,0,
nax958,창원,성주사,성산구 곰절길 191 구글 지오코딩,0,0,,,NO_EXACT_MUNICIPALITY_TOWNSHIP_TOKENS,0,
nax959,창원,마금산온천,의창구 북면 온천로 구글 지오코딩,0,0,,,NO_EXACT_MUNICIPALITY_TOWNSHIP_TOKENS,0,
nax960,창원,다호리 고분군,의창구 동읍 다호리 구글 지오코딩,0,0,,,NO_EXACT_MUNICIPALITY_TOWNSHIP_TOKENS,0,
nax961,창원,광암해수욕장,마산합포구 진동면 광암해변길 구글 지오코딩,0,0,,,NO_EXACT_MUNICIPALITY_TOWNSHIP_TOKENS,0,
nax970,양산,양산 신흥사,양산시 원동면 원동로 2282 구글 지오코딩,1,0,,,MATCH_CANDIDATE,1,경상남도 양산시 원동면
nax971,양산,천성산 화엄벌,양산시 하북면 용연리 산 구글 지오코딩,1,0,,,MATCH_CANDIDATE,1,경상남도 양산시 하북면
nax972,양산,영축산 자장암,양산시 하북면 통도사로 216-73 구글 지오코딩,1,0,,,MATCH_CANDIDATE,1,경상남도 양산시 하북면
nax973,양산,배내골,양산시 원동면 대리 구글 지오코딩,1,0,,,MATCH_CANDIDATE,1,경상남도 양산시 원동면
nax974,양산,원동 매화마을,양산시 원동면 영포리 구글 지오코딩,1,0,,,MATCH_CANDIDATE,1,경상남도 양산시 원동면
nax975,양산,양산 워터파크 웅상,양산시 웅상 명동로 구글 지오코딩,0,0,,,NO_EXACT_MUNICIPALITY_TOWNSHIP_TOKENS,0,
nax976,양산,양산시립박물관,양산시 북정로 78 구글 지오코딩,0,0,,,NO_EXACT_MUNICIPALITY_TOWNSHIP_TOKENS,0,
nax977,양산,북정리 고분군,양산시 북정동 산 구글 지오코딩,0,0,,,NO_EXACT_MUNICIPALITY_TOWNSHIP_TOKENS,0,
nax978,양산,영남알프스 하늘억새길,양산시 원동면 영남알프스 구글 지오코딩,1,0,,,MATCH_CANDIDATE,1,경상남도 양산시 원동면
nax979,양산,황산베랑길,양산시 물금읍 낙동강변 구글 지오코딩,1,0,,,MATCH_CANDIDATE,1,경상남도 양산시 물금읍
nax990,울산,간월재,울주군 상북면 등억알프스리 산 구글 지오코딩,1,0,,,MATCH_CANDIDATE,1,울산광역시 울주군 상북면
nax991,울산,신불산 억새평원,울주군 상북면 신불산 구글 지오코딩,1,0,,,MATCH_CANDIDATE,1,울산광역시 울주군 상북면
nax992,울산,석남사,울주군 상북면 석남로 557 구글 지오코딩,1,0,,,MATCH_CANDIDATE,1,울산광역시 울주군 상북면
nax993,울산,파래소폭포,울주군 상북면 이천리 구글 지오코딩,1,0,,,MATCH_CANDIDATE,1,울산광역시 울주군 상북면
nax994,울산,천전리 각석,울주군 두동면 천전리 산210 구글 지오코딩,1,0,,,MATCH_CANDIDATE,1,울산광역시 울주군 두동면
nax995,울산,울산대교 전망대,동구 봉수로 155-1 구글 지오코딩,0,0,,,NO_EXACT_MUNICIPALITY_TOWNSHIP_TOKENS,0,
nax996,울산,주전 몽돌해변,동구 주전동 구글 지오코딩,0,0,,,NO_EXACT_MUNICIPALITY_TOWNSHIP_TOKENS,0,
nax997,울산,외고산 옹기마을,울주군 온양읍 외고산3길 구글 지오코딩,1,0,,,MATCH_CANDIDATE,1,울산광역시 울주군 온양읍
nax998,울산,울산박물관,남구 두왕로 277 구글 지오코딩,0,0,,,NO_EXACT_MUNICIPALITY_TOWNSHIP_TOKENS,0,
nax999,울산,태화루,중구 태화로 300 구글 지오코딩,0,0,,,NO_EXACT_MUNICIPALITY_TOWNSHIP_TOKENS,0,
nax1000,울산,진하해수욕장,울주군 서생면 진하리 구글 지오코딩,1,0,,,MATCH_CANDIDATE,1,울산광역시 울주군 서생면
nax1001,울산,서생포왜성,울주군 서생면 서생리 산 구글 지오코딩,1,0,,,MATCH_CANDIDATE,1,울산광역시 울주군 서생면
nax1010,통영,욕지도,통영시 욕지면 동항리 구글 지오코딩,1,0,,,MATCH_CANDIDATE,1,경상남도 통영시 욕지면
nax1011,통영,장사도 해상공원,통영시 한산면 매죽리 장사도 구글 지오코딩,1,0,,,MATCH_CANDIDATE,1,경상남도 통영시 한산면
nax1012,통영,한산도 제승당,통영시 한산면 두억리 875 구글 지오코딩,1,0,,,MATCH_CANDIDATE,1,경상남도 통영시 한산면
nax1013,통영,미륵산 정상 전망대,통영시 산양읍 미륵산 구글 지오코딩,1,0,,,MATCH_CANDIDATE,1,경상남도 통영시 산양읍
nax1014,통영,서피랑공원,통영시 서호동 뚝지먼당 구글 지오코딩,0,0,,,NO_EXACT_MUNICIPALITY_TOWNSHIP_TOKENS,0,
nax1015,통영,박경리기념관,통영시 산양읍 산양중앙로 173 구글 지오코딩,1,0,,,MATCH_CANDIDATE,1,경상남도 통영시 산양읍
nax1016,통영,전혁림미술관,통영시 봉수1길 10 구글 지오코딩,0,0,,,NO_EXACT_MUNICIPALITY_TOWNSHIP_TOKENS,0,
nax1017,통영,통영국제음악당,통영시 큰발개1길 38 구글 지오코딩,0,0,,,NO_EXACT_MUNICIPALITY_TOWNSHIP_TOKENS,0,
nax1018,통영,비진도,통영시 한산면 비진리 구글 지오코딩,1,0,,,MATCH_CANDIDATE,1,경상남도 통영시 한산면
nax1019,통영,통영 수산과학관,통영시 산양읍 척포길 628-111 구글 지오코딩,1,0,,,MATCH_CANDIDATE,1,경상남도 통영시 산양읍
nax1030,남해,물건리 방조어부림,남해군 삼동면 물건리 구글 지오코딩,1,0,,,MATCH_CANDIDATE,1,경상남도 남해군 삼동면
nax1031,남해,금산 정상,남해군 상주면 금산 구글 지오코딩,1,0,,,MATCH_CANDIDATE,1,경상남도 남해군 상주면
nax1032,남해,이순신순국공원,남해군 고현면 관음포로 150 구글 지오코딩,1,0,,,MATCH_CANDIDATE,1,경상남도 남해군 고현면
nax1033,남해,남해대교·노량,남해군 설천면 노량리 구글 지오코딩,1,0,,,MATCH_CANDIDATE,1,경상남도 남해군 설천면
nax1034,남해,미조항,남해군 미조면 미조리 구글 지오코딩,1,0,,,MATCH_CANDIDATE,1,경상남도 남해군 미조면
nax1035,남해,남해 바래길,남해군 해안 둘레길 구글 지오코딩,0,0,,,NO_EXACT_MUNICIPALITY_TOWNSHIP_TOKENS,0,
nax1036,남해,설리스카이워크,남해군 미조면 설리로 273 구글 지오코딩,1,0,,,MATCH_CANDIDATE,1,경상남도 남해군 미조면
nax1037,남해,가천암수바위,남해군 남면 홍현리 구글 지오코딩,1,0,,,MATCH_CANDIDATE,1,경상남도 남해군 남면
nax1038,남해,송정솔바람해변,남해군 미조면 송정리 구글 지오코딩,1,0,,,MATCH_CANDIDATE,1,경상남도 남해군 미조면
nax1039,남해,용문사,남해군 이동면 용문사길 166 구글 지오코딩,1,0,,,MATCH_CANDIDATE,1,경상남도 남해군 이동면
nax1050,진주,진양호 전망대,진주시 판문동 진양호로 구글 지오코딩,1,0,,,MATCH_CANDIDATE,1,경상남도 진주시 판문동
nax1053,진주,진주 망경동 벽화마을,진주시 망경동 구글 지오코딩,0,0,,,NO_EXACT_MUNICIPALITY_TOWNSHIP_TOKENS,0,
nax1054,진주,경남수목원,진주시 이반성면 수목원로 386 구글 지오코딩,1,0,,,MATCH_CANDIDATE,1,경상남도 진주시 이반성면
nax1055,진주,진주 유등테마공원,진주시 남강로 626 인근 구글 지오코딩,0,0,,,NO_EXACT_MUNICIPALITY_TOWNSHIP_TOKENS,0,
nax1056,진주,의암바위,진주시 남강로 626 구글 지오코딩,0,0,,,NO_EXACT_MUNICIPALITY_TOWNSHIP_TOKENS,0,
nax1058,진주,진주 비봉산 산책로,진주시 봉래동 비봉산 구글 지오코딩,0,0,,,NO_EXACT_MUNICIPALITY_TOWNSHIP_TOKENS,0,
nax1070,부여,능산리 고분군,부여군 부여읍 능산리 산15 구글 지오코딩,1,0,,,MATCH_CANDIDATE,1,충청남도 부여군 부여읍
nax1071,부여,부여 나성,부여군 부여읍 능산리 구글 지오코딩,1,0,,,MATCH_CANDIDATE,1,충청남도 부여군 부여읍
nax1072,부여,낙화암·고란사,부여군 부여읍 부소로 1 구글 지오코딩,1,0,,,MATCH_CANDIDATE,1,충청남도 부여군 부여읍
nax1073,부여,백마강 황포돛배,부여군 부여읍 나루터로 1 구글 지오코딩,1,0,,,MATCH_CANDIDATE,1,충청남도 부여군 부여읍
nax1074,부여,부여 무량사,부여군 외산면 무량로 203 구글 지오코딩,1,0,,,MATCH_CANDIDATE,1,충청남도 부여군 외산면
nax1075,부여,성흥산성 사랑나무,부여군 임천면 군사리 산1 구글 지오코딩,1,0,,,MATCH_CANDIDATE,1,충청남도 부여군 임천면
nax1076,부여,부여 서동공원,부여군 부여읍 궁남로 49 구글 지오코딩,1,0,,,MATCH_CANDIDATE,1,충청남도 부여군 부여읍
nax1077,부여,부여전통시장,부여군 부여읍 성왕로 문화 구글 지오코딩,1,0,,,MATCH_CANDIDATE,1,충청남도 부여군 부여읍
nax1078,부여,대백제역사공원,부여군 규암면 백제문로 374 구글 지오코딩,1,0,,,MATCH_CANDIDATE,1,충청남도 부여군 규암면
nax1090,공주,계룡산 동학사,공주시 반포면 동학사1로 462 구글 지오코딩,1,0,,,MATCH_CANDIDATE,1,충청남도 공주시 반포면
nax1091,공주,계룡산 신원사,공주시 계룡면 신원사동길 1 구글 지오코딩,1,0,,,MATCH_CANDIDATE,1,충청남도 공주시 계룡면
nax1092,공주,공주 한옥마을,공주시 관광단지길 12 구글 지오코딩,0,0,,,NO_EXACT_MUNICIPALITY_TOWNSHIP_TOKENS,0,
nax1093,공주,제민천 원도심,공주시 반죽동 제민천 구글 지오코딩,0,0,,,NO_EXACT_MUNICIPALITY_TOWNSHIP_TOKENS,0,
nax1094,공주,공주 석장리박물관,공주시 금벽로 990 구글 지오코딩,0,0,,,NO_EXACT_MUNICIPALITY_TOWNSHIP_TOKENS,0,
nax1095,공주,공주 황새바위 순교성지,공주시 왕릉로 118 구글 지오코딩,0,0,,,NO_EXACT_MUNICIPALITY_TOWNSHIP_TOKENS,0,
nax1096,공주,마곡사 솔바람길,공주시 사곡면 마곡사로 구글 지오코딩,1,0,,,MATCH_CANDIDATE,1,충청남도 공주시 사곡면
nax1097,공주,공주 유구색동수국정원,공주시 유구읍 백교리 구글 지오코딩,1,0,,,MATCH_CANDIDATE,1,충청남도 공주시 유구읍
nax1110,포항,내연산 12폭포,포항시 북구 송라면 중산리 구글 지오코딩,1,0,,,MATCH_CANDIDATE,1,경상북도 포항시 북구 송라면
nax1111,포항,구룡포 일본인 가옥거리,포항시 남구 구룡포읍 구룡포길 153-1 구글 지오코딩,1,0,,,MATCH_CANDIDATE,1,경상북도 포항시 남구 구룡포읍
nax1112,포항,포항운하,포항시 남구 희망대로 1040 구글 지오코딩,0,0,,,NO_EXACT_MUNICIPALITY_TOWNSHIP_TOKENS,0,
nax1113,포항,환호공원,포항시 북구 환호동 구글 지오코딩,0,0,,,NO_EXACT_MUNICIPALITY_TOWNSHIP_TOKENS,0,
nax1114,포항,월포해수욕장,포항시 북구 청하면 월포리 구글 지오코딩,1,0,,,MATCH_CANDIDATE,1,경상북도 포항시 북구 청하면
nax1115,포항,죽도 물회거리,포항시 북구 죽도동 구글 지오코딩,1,0,,,MATCH_CANDIDATE,1,경상북도 포항시 북구 죽도동
nax1116,포항,장기읍성,포항시 남구 장기면 읍내리 구글 지오코딩,1,0,,,MATCH_CANDIDATE,1,경상북도 포항시 남구 장기면
nax1117,포항,연오랑세오녀 테마공원,포항시 남구 동해면 임곡리 구글 지오코딩,1,0,,,MATCH_CANDIDATE,1,경상북도 포항시 남구 동해면
nax1118,포항,영일대 해상누각,포항시 북구 두호동 해안 구글 지오코딩,1,0,,,MATCH_CANDIDATE,1,경상북도 포항시 북구 두호동
nax1131,안동,한국국학진흥원,안동시 도산면 퇴계로 1997 구글 지오코딩,1,0,,,MATCH_CANDIDATE,1,경상북도 안동시 도산면
nax1132,안동,안동 이육사문학관,안동시 도산면 백운로 525 구글 지오코딩,1,0,,,MATCH_CANDIDATE,1,경상북도 안동시 도산면
nax1133,안동,농암종택,안동시 도산면 가송길 162-133 구글 지오코딩,1,0,,,MATCH_CANDIDATE,1,경상북도 안동시 도산면
nax1134,안동,고산정,안동시 도산면 가송리 구글 지오코딩,1,0,,,MATCH_CANDIDATE,1,경상북도 안동시 도산면
nax1135,안동,안동 신세동 벽화마을,안동시 임청각길 일대 구글 지오코딩,0,0,,,NO_EXACT_MUNICIPALITY_TOWNSHIP_TOKENS,0,
nax1136,안동,안동댐 물문화관,안동시 성곡동 안동댐 구글 지오코딩,0,0,,,NO_EXACT_MUNICIPALITY_TOWNSHIP_TOKENS,0,
nax1137,안동,하회세계탈박물관,안동시 풍천면 전서로 206 구글 지오코딩,1,0,,,MATCH_CANDIDATE,1,경상북도 안동시 풍천면
nax1150,여수,아쿠아플라넷 여수,여수시 오동도로 61-11 구글 지오코딩,0,0,,,NO_EXACT_MUNICIPALITY_TOWNSHIP_TOKENS,0,
nax1151,여수,여수세계박람회장,여수시 박람회길 1 구글 지오코딩,0,0,,,NO_EXACT_MUNICIPALITY_TOWNSHIP_TOKENS,0,
nax1152,여수,예술의섬 장도,여수시 예울마루로 20 구글 지오코딩,0,0,,,NO_EXACT_MUNICIPALITY_TOWNSHIP_TOKENS,0,
nax1153,여수,금오도 비렁길,여수시 남면 금오도 구글 지오코딩,1,0,,,MATCH_CANDIDATE,1,전남광주통합특별시 여수시 남면
nax1154,여수,거문도·백도,여수시 삼산면 거문리 구글 지오코딩,1,0,,,MATCH_CANDIDATE,1,전남광주통합특별시 여수시 삼산면
nax1155,여수,흥국사,여수시 중흥동 17 구글 지오코딩,0,0,,,NO_EXACT_MUNICIPALITY_TOWNSHIP_TOKENS,0,
nax1156,여수,영취산 진달래,여수시 상암동 영취산 구글 지오코딩,0,0,,,NO_EXACT_MUNICIPALITY_TOWNSHIP_TOKENS,0,
nax1157,여수,웅천친수공원,여수시 웅천동 친수공원 구글 지오코딩,0,0,,,NO_EXACT_MUNICIPALITY_TOWNSHIP_TOKENS,0,
nax1160,양주,회암사지,양주시 회암동 산14-1 구글 지오코딩,0,0,,,NO_EXACT_MUNICIPALITY_TOWNSHIP_TOKENS,0,
nax1161,양주,양주 나리공원,양주시 광적면 부흥로 305 구글 지오코딩,1,0,,,MATCH_CANDIDATE,1,경기도 양주시 광적면
nax1162,양주,양주시립장욱진미술관,양주시 장흥면 권율로 193 구글 지오코딩,1,0,,,MATCH_CANDIDATE,1,경기도 양주시 장흥면
nax1163,양주,송암스페이스센터,양주시 장흥면 권율로 185 구글 지오코딩,1,0,,,MATCH_CANDIDATE,1,경기도 양주시 장흥면
nax1164,양주,장흥자연휴양림,양주시 장흥면 명달로 471 구글 지오코딩,1,0,,,MATCH_CANDIDATE,1,경기도 양주시 장흥면
nax1165,양주,불곡산,양주시 유양동 불곡산 구글 지오코딩,0,0,,,NO_EXACT_MUNICIPALITY_TOWNSHIP_TOKENS,0,
nax1166,양주,양주 별산대놀이마당,양주시 유양동 685 구글 지오코딩,0,0,,,NO_EXACT_MUNICIPALITY_TOWNSHIP_TOKENS,0,
nax1167,양주,양주관아지,양주시 유양동 199 구글 지오코딩,0,0,,,NO_EXACT_MUNICIPALITY_TOWNSHIP_TOKENS,0,
nax1170,울릉,성인봉,울릉군 울릉읍 도동리 산 구글 지오코딩,1,0,,,MATCH_CANDIDATE,1,경상북도 울릉군 울릉읍
nax1171,울릉,저동 촛대바위,울릉군 울릉읍 저동리 구글 지오코딩,1,0,,,MATCH_CANDIDATE,1,경상북도 울릉군 울릉읍
nax1172,울릉,행남해안산책로,울릉군 울릉읍 도동리 행남길 구글 지오코딩,1,0,,,MATCH_CANDIDATE,1,경상북도 울릉군 울릉읍
nax1173,울릉,울릉도 해상관광 유람선,울릉군 울릉읍 도동항 구글 지오코딩,1,0,,,MATCH_CANDIDATE,1,경상북도 울릉군 울릉읍
nax1174,울릉,독도,울릉군 독도리 구글 지오코딩,0,0,,,NO_EXACT_MUNICIPALITY_TOWNSHIP_TOKENS,0,
nax1175,울릉,독도박물관,울릉군 울릉읍 약수터길 90 구글 지오코딩,1,0,,,MATCH_CANDIDATE,1,경상북도 울릉군 울릉읍
nax1176,울릉,태하 향목관광모노레일,울릉군 서면 태하리 구글 지오코딩,1,0,,,MATCH_CANDIDATE,1,경상북도 울릉군 서면
nax1177,울릉,울릉 예림원,울릉군 서면 예림원길 65 구글 지오코딩,1,0,,,MATCH_CANDIDATE,1,경상북도 울릉군 서면
nax1178,울릉,현포항 노을,울릉군 북면 현포리 구글 지오코딩,1,0,,,MATCH_CANDIDATE,1,경상북도 울릉군 북면
nax1179,울릉,죽도,울릉군 울릉읍 저동리 죽도 구글 지오코딩,1,0,,,MATCH_CANDIDATE,1,경상북도 울릉군 울릉읍
nax1190,남양주,홍릉·유릉,남양주시 홍유릉로 352-1 구글 지오코딩,0,0,,,NO_EXACT_MUNICIPALITY_TOWNSHIP_TOKENS,0,
nax1191,남양주,북한강철교,남양주시 조안면 능내리 구글 지오코딩,1,0,,,MATCH_CANDIDATE,1,경기도 남양주시 조안면
nax1192,남양주,축령산자연휴양림,남양주시 수동면 축령산로 299 구글 지오코딩,1,0,,,MATCH_CANDIDATE,1,경기도 남양주시 수동면
nax1193,경기광주,팔당물안개공원,광주시 남종면 귀여리 구글 지오코딩,1,0,,,MATCH_CANDIDATE,1,경기도 광주시 남종면
nax1194,경기광주,분원백자자료관,광주시 남종면 분원리 68 구글 지오코딩,1,0,,,MATCH_CANDIDATE,1,경기도 광주시 남종면
nax1195,이천,시몬스 테라스,이천시 모가면 사실로 988 구글 지오코딩,1,0,,,MATCH_CANDIDATE,1,경기도 이천시 모가면
nax1196,이천,백사 산수유마을,이천시 백사면 도립리 구글 지오코딩,1,0,,,MATCH_CANDIDATE,1,경기도 이천시 백사면
nax1197,여주,황학산수목원,여주시 매룡동 황학산 구글 지오코딩,0,0,,,NO_EXACT_MUNICIPALITY_TOWNSHIP_TOKENS,0,
nax1198,고양,렛츠런팜 원당,고양시 덕양구 도촌동 목장 구글 지오코딩,0,0,,,NO_EXACT_MUNICIPALITY_TOWNSHIP_TOKENS,0,
nax1199,용인,용인 대장금파크,용인시 처인구 백암면 용천리 778-1 구글 지오코딩,1,0,,,MATCH_CANDIDATE,1,경기도 용인시 처인구 백암면
nax1210,홍성,만해 한용운 생가지,홍성군 결성면 만해로 318번길 83 구글 지오코딩,1,0,,,MATCH_CANDIDATE,1,충청남도 홍성군 결성면
nax1211,홍성,용봉산,홍성군 홍북읍 용봉산 구글 지오코딩,1,0,,,MATCH_CANDIDATE,1,충청남도 홍성군 홍북읍
nax1212,예산,추사고택,예산군 신암면 추사고택로 261 구글 지오코딩,1,0,,,MATCH_CANDIDATE,1,충청남도 예산군 신암면
nax1213,예산,예산상설시장,예산군 예산읍 형제고개로 22 구글 지오코딩,1,0,,,MATCH_CANDIDATE,1,충청남도 예산군 예산읍
nax1214,논산,강경 근대역사거리,논산시 강경읍 중앙리 구글 지오코딩,1,0,,,MATCH_CANDIDATE,1,충청남도 논산시 강경읍
nax1215,서천,신성리 갈대밭,서천군 한산면 신성리 구글 지오코딩,1,0,,,MATCH_CANDIDATE,1,충청남도 서천군 한산면
nax1216,당진,솔뫼성지,당진시 우강면 솔뫼로 132 구글 지오코딩,1,0,,,MATCH_CANDIDATE,1,충청남도 당진시 우강면
nax1217,서산,서산 마애여래삼존상,서산시 운산면 마애삼존불길 65-13 구글 지오코딩,1,0,,,MATCH_CANDIDATE,1,충청남도 서산시 운산면
nax1218,세종,이응다리,세종시 세종동 금강보행교 구글 지오코딩,0,0,,,NO_EXACT_MUNICIPALITY_TOWNSHIP_TOKENS,0,
nax1219,세종,밀마루전망대,세종시 도움6로 11 구글 지오코딩,0,0,,,NO_EXACT_MUNICIPALITY_TOWNSHIP_TOKENS,0,
nax1230,담양,담양호 용마루길,담양군 용면 담양호 구글 지오코딩,1,0,,,MATCH_CANDIDATE,1,전남광주통합특별시 담양군 용면
nax1231,고창,학원농장 청보리밭,고창군 공음면 학원농장길 158-6 구글 지오코딩,1,0,,,MATCH_CANDIDATE,1,전북특별자치도 고창군 공음면
nax1232,정읍,정읍 쌍화차거리,정읍시 시기동 쌍화차거리 구글 지오코딩,1,0,,,MATCH_CANDIDATE,1,전북특별자치도 정읍시 시기동
nax1233,장성,장성호 수변길,장성군 장성호 수변길 구글 지오코딩,0,0,,,NO_EXACT_MUNICIPALITY_TOWNSHIP_TOKENS,0,
nax1234,화순,세량지,화순군 화순읍 세량리 구글 지오코딩,1,0,,,MATCH_CANDIDATE,1,전남광주통합특별시 화순군 화순읍
nax1235,해남,미황사,해남군 송지면 미황사길 164 구글 지오코딩,1,0,,,MATCH_CANDIDATE,1,전남광주통합특별시 해남군 송지면
nax1236,보성,태백산맥문학관,보성군 벌교읍 홍교3길 2 구글 지오코딩,1,0,,,MATCH_CANDIDATE,1,전남광주통합특별시 보성군 벌교읍
nax1237,신안,흑산도,신안군 흑산면 예리 구글 지오코딩,1,0,,,MATCH_CANDIDATE,1,전남광주통합특별시 신안군 흑산면
nax1238,익산,아가페정원,익산시 여산면 두여1길 21-9 구글 지오코딩,1,0,,,MATCH_CANDIDATE,1,전북특별자치도 익산시 여산면
nax1239,부안,적벽강,부안군 변산면 격포리 구글 지오코딩,1,0,,,MATCH_CANDIDATE,1,전북특별자치도 부안군 변산면
nax1250,철원,월정리역,철원군 철원읍 홍원리 구글 지오코딩,1,0,,,MATCH_CANDIDATE,1,강원특별자치도 철원군 철원읍
nax1251,철원,백마고지 전적지,철원군 철원읍 대마리 구글 지오코딩,1,0,,,MATCH_CANDIDATE,1,강원특별자치도 철원군 철원읍
nax1252,철원,도피안사,철원군 동송읍 관우리 450 구글 지오코딩,1,0,,,MATCH_CANDIDATE,1,강원특별자치도 철원군 동송읍
nax1253,철원,철원 두루미 월동지,철원군 동송읍 양지리 철원평야 구글 지오코딩,1,0,,,MATCH_CANDIDATE,1,강원특별자치도 철원군 동송읍
nax1254,철원,한탄강 주상절리길,철원군 동송읍 장흥리 구글 지오코딩,1,0,,,MATCH_CANDIDATE,1,강원특별자치도 철원군 동송읍
nax1255,철원,철원 승일교,철원군 동송읍 장흥리 구글 지오코딩,1,0,,,MATCH_CANDIDATE,1,강원특별자치도 철원군 동송읍
nax1256,철원,철원 학저수지,철원군 동송읍 오지리 구글 지오코딩,1,0,,,MATCH_CANDIDATE,1,강원특별자치도 철원군 동송읍
nax1270,하동,화개장터,하동군 화개면 쌍계로 15 구글 지오코딩,1,0,,,MATCH_CANDIDATE,1,경상남도 하동군 화개면
nax1271,하동,쌍계사,하동군 화개면 쌍계사길 59 구글 지오코딩,1,0,,,MATCH_CANDIDATE,1,경상남도 하동군 화개면
nax1272,하동,최참판댁,하동군 악양면 평사리 269 구글 지오코딩,1,0,,,MATCH_CANDIDATE,1,경상남도 하동군 악양면
nax1273,하동,하동 십리벚꽃길,하동군 화개면 쌍계로 구글 지오코딩,1,0,,,MATCH_CANDIDATE,1,경상남도 하동군 화개면
nax1274,하동,하동 녹차밭 (도심다원),하동군 화개면 정금리 구글 지오코딩,1,0,,,MATCH_CANDIDATE,1,경상남도 하동군 화개면
nax1275,하동,하동 송림공원,하동군 하동읍 광평리 443-10 구글 지오코딩,1,0,,,MATCH_CANDIDATE,1,경상남도 하동군 하동읍
nax1276,하동,삼성궁,하동군 청암면 삼성궁길 2 구글 지오코딩,1,0,,,MATCH_CANDIDATE,1,경상남도 하동군 청암면
nax1277,하동,하동 스카이워크,하동군 하동읍 섬진강대로 구글 지오코딩,1,0,,,MATCH_CANDIDATE,1,경상남도 하동군 하동읍
nax1278,하동,금오산 짚와이어,하동군 금남면 경충로 493-37 구글 지오코딩,1,0,,,MATCH_CANDIDATE,1,경상남도 하동군 금남면
nax1290,거창,우두산 Y자형 출렁다리,거창군 가조면 의상봉길 830 구글 지오코딩,1,0,,,MATCH_CANDIDATE,1,경상남도 거창군 가조면
nax1291,거창,고견사,거창군 가조면 의상봉길 1049 구글 지오코딩,1,0,,,MATCH_CANDIDATE,1,경상남도 거창군 가조면
nax1292,거창,월성계곡,거창군 북상면 월성리 구글 지오코딩,1,0,,,MATCH_CANDIDATE,1,경상남도 거창군 북상면
nax1293,거창,거창 창포원,거창군 남상면 창포원로 619 구글 지오코딩,1,0,,,MATCH_CANDIDATE,1,경상남도 거창군 남상면
nax1294,거창,감악산 아스타 꽃밭,거창군 신원면 연수사길 감악산 구글 지오코딩,1,0,,,MATCH_CANDIDATE,1,경상남도 거창군 신원면
nax1295,거창,거창사건추모공원,거창군 신원면 신차로 2924 구글 지오코딩,1,0,,,MATCH_CANDIDATE,1,경상남도 거창군 신원면
nax1296,거창,황산마을 옛담장,거창군 위천면 황산리 구글 지오코딩,1,0,,,MATCH_CANDIDATE,1,경상남도 거창군 위천면
nax1297,거창,거창박물관,거창군 거창읍 수남로 2181 구글 지오코딩,1,0,,,MATCH_CANDIDATE,1,경상남도 거창군 거창읍
nax1310,시흥,시흥 갯골생태공원,한국관광공사 관광정보 좌표,0,0,,,NO_EXACT_MUNICIPALITY_TOWNSHIP_TOKENS,0,
nax1311,예산,예당관광지,한국관광공사 관광정보 좌표,0,0,,,NO_EXACT_MUNICIPALITY_TOWNSHIP_TOKENS,0,
nax1312,예산,대흥슬로시티,한국관광공사 관광정보 좌표,0,0,,,NO_EXACT_MUNICIPALITY_TOWNSHIP_TOKENS,0,
nax1313,예산,봉수산자연휴양림,한국관광공사 관광정보 좌표,0,0,,,NO_EXACT_MUNICIPALITY_TOWNSHIP_TOKENS,0,
nax1314,청주,청주동물원,한국관광공사 관광정보 좌표,0,0,,,NO_EXACT_MUNICIPALITY_TOWNSHIP_TOKENS,0,
nax1315,단양,다리안관광지,한국관광공사 관광정보 좌표,0,0,,,NO_EXACT_MUNICIPALITY_TOWNSHIP_TOKENS,0,
nax1316,군산,군산 시간여행마을,한국관광공사 관광정보 좌표,0,0,,,NO_EXACT_MUNICIPALITY_TOWNSHIP_TOKENS,0,
nax1317,완주,삼례문화예술촌,한국관광공사 관광정보 좌표,0,0,,,NO_EXACT_MUNICIPALITY_TOWNSHIP_TOKENS,0,
nax1318,진안,마이산도립공원,한국관광공사 관광정보 좌표,0,0,,,NO_EXACT_MUNICIPALITY_TOWNSHIP_TOKENS,0,
nax1319,전주,전주동물원,한국관광공사 관광정보 좌표,0,0,,,NO_EXACT_MUNICIPALITY_TOWNSHIP_TOKENS,0,
nax1320,부안,모항해수욕장,한국관광공사 관광정보 좌표,0,0,,,NO_EXACT_MUNICIPALITY_TOWNSHIP_TOKENS,0,
nax1321,임실,임실치즈테마파크,한국관광공사 관광정보 좌표,0,0,,,NO_EXACT_MUNICIPALITY_TOWNSHIP_TOKENS,0,
nax1322,장수,와룡자연휴양림,한국관광공사 관광정보 좌표,0,0,,,NO_EXACT_MUNICIPALITY_TOWNSHIP_TOKENS,0,
nax1323,장수,장수누리파크,한국관광공사 관광정보 좌표,0,0,,,NO_EXACT_MUNICIPALITY_TOWNSHIP_TOKENS,0,
nax1324,장수,방화동자연휴양림,한국관광공사 관광정보 좌표,0,0,,,NO_EXACT_MUNICIPALITY_TOWNSHIP_TOKENS,0,
nax1325,순창,향가유원지,한국관광공사 관광정보 좌표,0,0,,,NO_EXACT_MUNICIPALITY_TOWNSHIP_TOKENS,0,
nax1326,순창,강천산 군립공원,한국관광공사 관광정보 좌표,0,0,,,NO_EXACT_MUNICIPALITY_TOWNSHIP_TOKENS,0,
nax1327,남원,지리산 허브밸리,한국관광공사 관광정보 좌표,0,0,,,NO_EXACT_MUNICIPALITY_TOWNSHIP_TOKENS,0,
nax1328,남원,남원항공우주천문대,한국관광공사 관광정보 좌표,0,0,,,NO_EXACT_MUNICIPALITY_TOWNSHIP_TOKENS,0,
nax1329,장흥,정남진 편백숲 우드랜드,한국관광공사 관광정보 좌표,0,0,,,NO_EXACT_MUNICIPALITY_TOWNSHIP_TOKENS,0,
nax1330,완도,정도리 구계등,한국관광공사 관광정보 좌표,0,0,,,NO_EXACT_MUNICIPALITY_TOWNSHIP_TOKENS,0,
nax1331,대구,사문진 주막촌,한국관광공사 관광정보 좌표,0,0,,,NO_EXACT_MUNICIPALITY_TOWNSHIP_TOKENS,0,
nax1332,대구,비슬산군립공원,한국관광공사 관광정보 좌표,0,0,,,NO_EXACT_MUNICIPALITY_TOWNSHIP_TOKENS,0,
nax1333,고령,대가야역사테마관광지,한국관광공사 관광정보 좌표,0,0,,,NO_EXACT_MUNICIPALITY_TOWNSHIP_TOKENS,0,
nax1334,산청,산청 동의보감촌,한국관광공사 관광정보 좌표,0,0,,,NO_EXACT_MUNICIPALITY_TOWNSHIP_TOKENS,0,
nax1335,거제,수협효시공원,한국관광공사 관광정보 좌표,0,0,,,NO_EXACT_MUNICIPALITY_TOWNSHIP_TOKENS,0,
nax1336,거제,칠천량해전공원,한국관광공사 관광정보 좌표,0,0,,,NO_EXACT_MUNICIPALITY_TOWNSHIP_TOKENS,0,
nax1337,횡성,유현문화관광지,한국관광공사 관광정보 좌표,0,0,,,NO_EXACT_MUNICIPALITY_TOWNSHIP_TOKENS,0,
nax1338,강릉,연곡해변,한국관광공사 관광정보 좌표,0,0,,,NO_EXACT_MUNICIPALITY_TOWNSHIP_TOKENS,0,
nax1339,강릉,강릉통일공원,한국관광공사 관광정보 좌표,0,0,,,NO_EXACT_MUNICIPALITY_TOWNSHIP_TOKENS,0,
nax1340,제주,붉은오름자연휴양림,한국관광공사 관광정보 좌표,0,0,,,NO_EXACT_MUNICIPALITY_TOWNSHIP_TOKENS,0,
nax1410,인천,연안부두 해양광장,열린관광지 목록 주소 기반 좌표,0,0,,,NO_EXACT_MUNICIPALITY_TOWNSHIP_TOKENS,0,
nax1411,충주,충주 세계무술공원,열린관광지 목록 주소 기반 좌표,0,0,,,NO_EXACT_MUNICIPALITY_TOWNSHIP_TOKENS,0,
nax1412,익산,익산 고스락,열린관광지 목록 주소 기반 좌표,0,0,,,NO_EXACT_MUNICIPALITY_TOWNSHIP_TOKENS,0,
nax1413,임실,옥정호 외얏날,열린관광지 목록 주소 기반 좌표,0,0,,,NO_EXACT_MUNICIPALITY_TOWNSHIP_TOKENS,0,
nax1414,장수,뜬봉샘 생태관광지,열린관광지 목록 주소 기반 좌표,0,0,,,NO_EXACT_MUNICIPALITY_TOWNSHIP_TOKENS,0,
nax1415,남원,국악의 성지,열린관광지 목록 주소 기반 좌표,0,0,,,NO_EXACT_MUNICIPALITY_TOWNSHIP_TOKENS,0,
nax1416,남원,백두대간 생태교육장,열린관광지 목록 주소 기반 좌표,0,0,,,NO_EXACT_MUNICIPALITY_TOWNSHIP_TOKENS,0,
nax1417,춘천,박사마을 어린이 글램핑장,열린관광지 목록 주소 기반 좌표,0,0,,,NO_EXACT_MUNICIPALITY_TOWNSHIP_TOKENS,0,
nax1418,춘천,의암호 킹카누,열린관광지 목록 주소 기반 좌표,0,0,,,NO_EXACT_MUNICIPALITY_TOWNSHIP_TOKENS,0,
nax1419,강릉,허균·허난설헌 기념공원,열린관광지 목록 주소 기반 좌표,0,0,,,NO_EXACT_MUNICIPALITY_TOWNSHIP_TOKENS,0,
nax1510,청주,청주 명암유원지,열린관광지 목록·명암유원지 기준 좌표,0,0,,,NO_EXACT_MUNICIPALITY_TOWNSHIP_TOKENS,0,
nax1511,충주,충주호체험관광지,충주호 수변 기준 좌표,0,0,,,NO_EXACT_MUNICIPALITY_TOWNSHIP_TOKENS,0,
nax1513,수원,제부도 해상케이블카,한국관광 100선 기준 좌표,0,0,,,NO_EXACT_MUNICIPALITY_TOWNSHIP_TOKENS,0,
nax1516,봉화,국립백두대간수목원,한국관광공사 관광정보 좌표,0,0,,,NO_EXACT_MUNICIPALITY_TOWNSHIP_TOKENS,0,
nax1517,통영,디피랑,한국관광공사 관광정보 좌표,0,0,,,NO_EXACT_MUNICIPALITY_TOWNSHIP_TOKENS,0,
nax1518,부산,부산엑스더스카이,한국관광공사 관광정보 좌표,0,0,,,NO_EXACT_MUNICIPALITY_TOWNSHIP_TOKENS,0,
nax1519,부산,해운대 그린레일웨이,한국관광공사 관광정보 좌표,0,0,,,NO_EXACT_MUNICIPALITY_TOWNSHIP_TOKENS,0,
nax1520,대구,사유원,한국관광공사 관광정보 좌표,0,0,,,NO_EXACT_MUNICIPALITY_TOWNSHIP_TOKENS,0,
nax1521,완주,오성한옥마을,한국관광공사 관광정보 좌표,0,0,,,NO_EXACT_MUNICIPALITY_TOWNSHIP_TOKENS,0,
nax1522,광양,광양 매화마을,한국관광공사 관광정보 좌표,0,0,,,NO_EXACT_MUNICIPALITY_TOWNSHIP_TOKENS,0,
nax1524,제주,머체왓숲길,한국관광공사 관광정보 좌표,0,0,,,NO_EXACT_MUNICIPALITY_TOWNSHIP_TOKENS,0,
yw1,영월,청령포,남면 광천리 · 위키백과 등재 좌표,0,0,,,NO_EXACT_MUNICIPALITY_TOWNSHIP_TOKENS,0,
yw3,영월,관풍헌,영월읍 중앙로 61 주소 기반 좌표 — 재검증 권장,0,0,,,NO_EXACT_MUNICIPALITY_TOWNSHIP_TOKENS,0,
yw2,영월,영월 장릉,영월읍 단종로 190 · 위키백과 등재 좌표,0,0,,,NO_EXACT_MUNICIPALITY_TOWNSHIP_TOKENS,0,
yw4,영월,선돌,영월읍 방절리 산122 주소 기반 좌표 — 재검증 권장,0,0,,,NO_EXACT_MUNICIPALITY_TOWNSHIP_TOKENS,0,
yw5,영월,어라연,영월읍 거운리 동강 어라연 일대 좌표 — 재검증 권장,0,0,,,NO_EXACT_MUNICIPALITY_TOWNSHIP_TOKENS,0,
ywx10,영월,한반도지형 (선암마을),한반도면 옹정리 선암마을 주소 기반 좌표 — 재검증 권장,0,0,,,NO_EXACT_MUNICIPALITY_TOWNSHIP_TOKENS,0,
ywx11,영월,별마로천문대,영월읍 봉래산길 136 주소 기반 좌표 — 재검증 권장,0,0,,,NO_EXACT_MUNICIPALITY_TOWNSHIP_TOKENS,0,
ywx12,영월,요선암 돌개구멍,무릉도원면 무릉리 주소 기반 좌표 — 재검증 권장,0,0,,,NO_EXACT_MUNICIPALITY_TOWNSHIP_TOKENS,0,
ywx13,영월,영월 서부시장,영월읍 중앙로 21 주소 기반 좌표 — 재검증 권장,0,0,,,NO_EXACT_MUNICIPALITY_TOWNSHIP_TOKENS,0,
ywx1,영월,고씨굴,김삿갓면 진별리 주소 기반 좌표 — 재검증 권장,0,0,,,NO_EXACT_MUNICIPALITY_TOWNSHIP_TOKENS,0,
ywx2,영월,김삿갓 유적지,김삿갓면 김삿갓로 216-22 주소 기반 좌표 — 재검증 권장,0,0,,,NO_EXACT_MUNICIPALITY_TOWNSHIP_TOKENS,0,
ywx3,영월,라디오스타 박물관,영월읍 서부로 10 주소 기반 좌표 — 재검증 권장,0,0,,,NO_EXACT_MUNICIPALITY_TOWNSHIP_TOKENS,0,
ywx4,영월,동강사진박물관,영월읍 영월로 1909-10 주소 기반 좌표 — 재검증 권장,0,0,,,NO_EXACT_MUNICIPALITY_TOWNSHIP_TOKENS,0,
ywx5,영월,젊은달와이파크,주천면 송학주천로 1467-9 주소 기반 좌표 — 재검증 권장,0,0,,,NO_EXACT_MUNICIPALITY_TOWNSHIP_TOKENS,0,
ywx6,영월,법흥사,무릉도원면 법흥리 주소 기반 좌표 — 재검증 권장,0,0,,,NO_EXACT_MUNICIPALITY_TOWNSHIP_TOKENS,0,
ywx7,영월,영월곤충박물관,영월읍 청령포로 61 주소 기반 좌표 — 재검증 권장,0,0,,,NO_EXACT_MUNICIPALITY_TOWNSHIP_TOKENS,0,
ywx8,영월,단종역사관,영월읍 단종로 178 주소 기반 좌표 — 재검증 권장,0,0,,,NO_EXACT_MUNICIPALITY_TOWNSHIP_TOKENS,0,
ywx9,영월,동강생태정보센터,영월읍 거운리 주소 기반 좌표 — 재검증 권장,0,0,,,NO_EXACT_MUNICIPALITY_TOWNSHIP_TOKENS,0,
kd1,서울,낙산공원 성곽길,종로구 낙산길 41 주소 기반 좌표,0,0,,,NO_EXACT_MUNICIPALITY_TOWNSHIP_TOKENS,0,
kd2,서울,북촌한옥마을,종로구 계동길 일대 주소 기반 좌표,0,0,,,NO_EXACT_MUNICIPALITY_TOWNSHIP_TOKENS,0,
kd3,서울,명동거리,중구 명동8길 일대 주소 기반 좌표,0,0,,,NO_EXACT_MUNICIPALITY_TOWNSHIP_TOKENS,0,
kd4,서울,남산서울타워,용산구 남산공원길 105 주소 기반 좌표,0,0,,,NO_EXACT_MUNICIPALITY_TOWNSHIP_TOKENS,0,
kd5,서울,롯데월드타워 서울스카이,송파구 올림픽로 300 주소 기반 좌표,0,0,,,NO_EXACT_MUNICIPALITY_TOWNSHIP_TOKENS,0,
kd6,서울,서울올림픽주경기장,송파구 올림픽로 25 주소 기반 좌표,0,0,,,NO_EXACT_MUNICIPALITY_TOWNSHIP_TOKENS,0,
kd7,서울,청담대교 · 자양역,광진구 자양동 7호선 자양역 주소 기반 좌표,0,0,,,NO_EXACT_MUNICIPALITY_TOWNSHIP_TOKENS,0,
kd8,서울,K-POP SQUARE (삼성역 전광판),강남구 영동대로 513 코엑스 주소 기반 좌표,0,0,,,NO_EXACT_MUNICIPALITY_TOWNSHIP_TOKENS,0,
kd9,서울,서울한방진흥센터,동대문구 약령중앙로 26 주소 기반 좌표,0,0,,,NO_EXACT_MUNICIPALITY_TOWNSHIP_TOKENS,0,
kd10,서울,경복궁,종로구 사직로 161 주소 기반 좌표,0,0,,,NO_EXACT_MUNICIPALITY_TOWNSHIP_TOKENS,0,
kd11,서울,뚝섬한강공원,광진구 강변북로 139 주소 기반 좌표,0,0,,,NO_EXACT_MUNICIPALITY_TOWNSHIP_TOKENS,0,
kdx1,서울,창덕궁,종로구 율곡로 99 주소 기반 좌표,0,0,,,NO_EXACT_MUNICIPALITY_TOWNSHIP_TOKENS,0,
kdx2,서울,광화문광장,종로구 세종대로 172 주소 기반 좌표,0,0,,,NO_EXACT_MUNICIPALITY_TOWNSHIP_TOKENS,0,
kdx3,서울,삼청동길,종로구 삼청로 일대 주소 기반 좌표,0,0,,,NO_EXACT_MUNICIPALITY_TOWNSHIP_TOKENS,0,
kdx4,서울,익선동 한옥거리,종로구 수표로28길 주소 기반 좌표,0,0,,,NO_EXACT_MUNICIPALITY_TOWNSHIP_TOKENS,0,
kdx5,서울,인사동,종로구 인사동길 주소 기반 좌표,0,0,,,NO_EXACT_MUNICIPALITY_TOWNSHIP_TOKENS,0,
kdx6,서울,국립중앙박물관,용산구 서빙고로 137 주소 기반 좌표,0,0,,,NO_EXACT_MUNICIPALITY_TOWNSHIP_TOKENS,0,
kdx7,서울,흥인지문 · 한양도성,종로구 종로 288 주소 기반 좌표,0,0,,,NO_EXACT_MUNICIPALITY_TOWNSHIP_TOKENS,0,
kdx8,서울,성수동 카페거리,성동구 연무장길 주소 기반 좌표,0,0,,,NO_EXACT_MUNICIPALITY_TOWNSHIP_TOKENS,0,
kdx9,서울,코엑스 별마당도서관,강남구 영동대로 513 주소 기반 좌표,0,0,,,NO_EXACT_MUNICIPALITY_TOWNSHIP_TOKENS,0,
kdx10,서울,서울약령시 한의약박물관,동대문구 약령중앙로 26 주소 기반 좌표,0,0,,,NO_EXACT_MUNICIPALITY_TOWNSHIP_TOKENS,0,
kdx11,서울,잠실 롯데월드 어드벤처,송파구 올림픽로 240 주소 기반 좌표,0,0,,,NO_EXACT_MUNICIPALITY_TOWNSHIP_TOKENS,0,
kdx12,서울,반포한강공원 달빛무지개분수,서초구 신반포로11길 40 주소 기반 좌표,0,0,,,NO_EXACT_MUNICIPALITY_TOWNSHIP_TOKENS,0,
kdx13,서울,덕수궁 돌담길,중구 세종대로 99 주소 기반 좌표,0,0,,,NO_EXACT_MUNICIPALITY_TOWNSHIP_TOKENS,0,
kdx14,서울,종묘,종로구 종로 157 주소 기반 좌표,0,0,,,NO_EXACT_MUNICIPALITY_TOWNSHIP_TOKENS,0,
kdx15,서울,운현궁,종로구 삼일대로 464 주소 기반 좌표,0,0,,,NO_EXACT_MUNICIPALITY_TOWNSHIP_TOKENS,0,
kdx16,서울,동대문디자인플라자,중구 을지로 281 주소 기반 좌표,0,0,,,NO_EXACT_MUNICIPALITY_TOWNSHIP_TOKENS,0,
kdx17,서울,광장시장,종로구 창경궁로 88 주소 기반 좌표,0,0,,,NO_EXACT_MUNICIPALITY_TOWNSHIP_TOKENS,0,
kdx18,서울,청계천,종로구 청계천로 주소 기반 좌표,0,0,,,NO_EXACT_MUNICIPALITY_TOWNSHIP_TOKENS,0,
kdx19,서울,서울로7017,중구 청파로 432 주소 기반 좌표,0,0,,,NO_EXACT_MUNICIPALITY_TOWNSHIP_TOKENS,0,
kdx20,서울,남대문시장,중구 남대문시장4길 21 주소 기반 좌표,0,0,,,NO_EXACT_MUNICIPALITY_TOWNSHIP_TOKENS,0,
kdx21,서울,경리단길,용산구 회나무로 주소 기반 좌표,0,0,,,NO_EXACT_MUNICIPALITY_TOWNSHIP_TOKENS,0,
kdx22,서울,홍대거리,마포구 어울마당로 주소 기반 좌표,0,0,,,NO_EXACT_MUNICIPALITY_TOWNSHIP_TOKENS,0,
kdx23,서울,연남동 경의선숲길,마포구 연남동 주소 기반 좌표,1,0,,,MATCH_CANDIDATE,1,서울특별시 마포구 연남동
kdx24,서울,여의도 한강공원,영등포구 여의동로 330 주소 기반 좌표,0,0,,,NO_EXACT_MUNICIPALITY_TOWNSHIP_TOKENS,0,
kdx25,서울,노들섬,용산구 양녕로 445 주소 기반 좌표,0,0,,,NO_EXACT_MUNICIPALITY_TOWNSHIP_TOKENS,0,
kdx27,서울,건대입구 거리,광진구 능동로 지하철 건대입구역 일대 주소 기반 좌표,0,0,,,NO_EXACT_MUNICIPALITY_TOWNSHIP_TOKENS,0,
kdx28,서울,서울어린이대공원,광진구 능동로 216 주소 기반 좌표,0,0,,,NO_EXACT_MUNICIPALITY_TOWNSHIP_TOKENS,0,
kdx29,서울,석촌호수,송파구 삼학사로 136 주소 기반 좌표,0,0,,,NO_EXACT_MUNICIPALITY_TOWNSHIP_TOKENS,0,
kdx30,서울,올림픽공원,송파구 올림픽로 424 주소 기반 좌표,0,0,,,NO_EXACT_MUNICIPALITY_TOWNSHIP_TOKENS,0,
kdx31,서울,가로수길,강남구 신사동 주소 기반 좌표,1,0,,,MATCH_CANDIDATE,1,서울특별시 강남구 신사동
kdx32,서울,봉은사,강남구 봉은사로 531 주소 기반 좌표,0,0,,,NO_EXACT_MUNICIPALITY_TOWNSHIP_TOKENS,0,
kdx33,서울,선릉·정릉,강남구 선릉로100길 1 주소 기반 좌표,0,0,,,NO_EXACT_MUNICIPALITY_TOWNSHIP_TOKENS,0,
kdx34,서울,국립민속박물관,종로구 삼청로 37 주소 기반 좌표,0,0,,,NO_EXACT_MUNICIPALITY_TOWNSHIP_TOKENS,0,
kdx35,서울,북악스카이웨이 팔각정,종로구 북악산로 267 주소 기반 좌표,0,0,,,NO_EXACT_MUNICIPALITY_TOWNSHIP_TOKENS,0,
kdx36,서울,통인시장,종로구 자하문로15길 18 주소 기반 좌표,0,0,,,NO_EXACT_MUNICIPALITY_TOWNSHIP_TOKENS,0,
kdx37,서울,서촌,종로구 필운대로 주소 기반 좌표,0,0,,,NO_EXACT_MUNICIPALITY_TOWNSHIP_TOKENS,0,
kdx38,서울,국립현대미술관 서울,종로구 삼청로 30 주소 기반 좌표,0,0,,,NO_EXACT_MUNICIPALITY_TOWNSHIP_TOKENS,0,
kdx39,서울,노량진 수산시장,동작구 노들로 674 주소 기반 좌표,0,0,,,NO_EXACT_MUNICIPALITY_TOWNSHIP_TOKENS,0,
kdx40,서울,하늘공원,마포구 하늘공원로 95 주소 기반 좌표,0,0,,,NO_EXACT_MUNICIPALITY_TOWNSHIP_TOKENS,0,
kdx41,서울,선유도공원,영등포구 선유로 343 주소 기반 좌표,0,0,,,NO_EXACT_MUNICIPALITY_TOWNSHIP_TOKENS,0,
kdx42,서울,서울식물원,강서구 마곡동로 161 주소 기반 좌표,0,0,,,NO_EXACT_MUNICIPALITY_TOWNSHIP_TOKENS,0,
kdx43,서울,예술의전당,서초구 남부순환로 2406 주소 기반 좌표,0,0,,,NO_EXACT_MUNICIPALITY_TOWNSHIP_TOKENS,0,
kdx44,서울,몽촌토성,송파구 올림픽로 424 올림픽공원 내 좌표,0,0,,,NO_EXACT_MUNICIPALITY_TOWNSHIP_TOKENS,0,
kdx45,서울,올림픽홀,송파구 올림픽로 424 올림픽공원 내 좌표,0,0,,,NO_EXACT_MUNICIPALITY_TOWNSHIP_TOKENS,0,
kdx46,서울,창경궁,종로구 창경궁로 185 주소 기반 좌표,0,0,,,NO_EXACT_MUNICIPALITY_TOWNSHIP_TOKENS,0,
kdx47,서울,인사동 문화의거리,종로구 인사동길 주소 기반 좌표,0,0,,,NO_EXACT_MUNICIPALITY_TOWNSHIP_TOKENS,0,
kdx48,서울,서대문형무소역사관,서대문구 통일로 251 주소 기반 좌표,0,0,,,NO_EXACT_MUNICIPALITY_TOWNSHIP_TOKENS,0,
kdx49,서울,독립문,서대문구 통일로 251 독립공원 내 좌표,0,0,,,NO_EXACT_MUNICIPALITY_TOWNSHIP_TOKENS,0,
kdx50,서울,경희궁,종로구 새문안로 45 주소 기반 좌표,0,0,,,NO_EXACT_MUNICIPALITY_TOWNSHIP_TOKENS,0,
kdx51,서울,리움미술관,용산구 이태원로55길 60-16 주소 기반 좌표,0,0,,,NO_EXACT_MUNICIPALITY_TOWNSHIP_TOKENS,0,
kdx52,서울,이태원 거리,용산구 이태원로 주소 기반 좌표,0,0,,,NO_EXACT_MUNICIPALITY_TOWNSHIP_TOKENS,0,
kdx53,서울,혜화동 대학로,종로구 대학로 주소 기반 좌표,0,0,,,NO_EXACT_MUNICIPALITY_TOWNSHIP_TOKENS,0,
kdx54,서울,서울시립미술관,중구 덕수궁길 61 주소 기반 좌표,0,0,,,NO_EXACT_MUNICIPALITY_TOWNSHIP_TOKENS,0,
kdx55,서울,세종문화회관,종로구 세종대로 175 주소 기반 좌표,0,0,,,NO_EXACT_MUNICIPALITY_TOWNSHIP_TOKENS,0,
kdx56,서울,국립고궁박물관,종로구 효자로 12 주소 기반 좌표,0,0,,,NO_EXACT_MUNICIPALITY_TOWNSHIP_TOKENS,0,
kdx57,서울,남산골 한옥마을,중구 퇴계로34길 28 주소 기반 좌표,0,0,,,NO_EXACT_MUNICIPALITY_TOWNSHIP_TOKENS,0,
kdx58,서울,국립극장,중구 장충단로 59 주소 기반 좌표,0,0,,,NO_EXACT_MUNICIPALITY_TOWNSHIP_TOKENS,0,
kdx59,서울,국회의사당,영등포구 의사당대로 1 주소 기반 좌표,0,0,,,NO_EXACT_MUNICIPALITY_TOWNSHIP_TOKENS,0,
kdx60,서울,여의도공원,영등포구 여의공원로 68 주소 기반 좌표,0,0,,,NO_EXACT_MUNICIPALITY_TOWNSHIP_TOKENS,0,
kdx61,서울,63빌딩,영등포구 63로 50 주소 기반 좌표,0,0,,,NO_EXACT_MUNICIPALITY_TOWNSHIP_TOKENS,0,
kdx62,서울,신촌 대학가,서대문구 신촌로 주소 기반 좌표,0,0,,,NO_EXACT_MUNICIPALITY_TOWNSHIP_TOKENS,0,
kdx63,서울,합정동 상권,마포구 양화로 합정역 일대 주소 기반 좌표,0,0,,,NO_EXACT_MUNICIPALITY_TOWNSHIP_TOKENS,0,
kdx64,서울,망원시장,마포구 포은로8길 14 주소 기반 좌표,0,0,,,NO_EXACT_MUNICIPALITY_TOWNSHIP_TOKENS,0,
kdx65,서울,조계사,종로구 우정국로 55 주소 기반 좌표,0,0,,,NO_EXACT_MUNICIPALITY_TOWNSHIP_TOKENS,0,
kdx66,서울,명동대성당,중구 명동길 74 주소 기반 좌표,0,0,,,NO_EXACT_MUNICIPALITY_TOWNSHIP_TOKENS,0,
kdx67,서울,서울광장,중구 세종대로 110 주소 기반 좌표,0,0,,,NO_EXACT_MUNICIPALITY_TOWNSHIP_TOKENS,0,
kdx68,서울,서울역사박물관,종로구 새문안로 55 주소 기반 좌표,0,0,,,NO_EXACT_MUNICIPALITY_TOWNSHIP_TOKENS,0,
kdx69,서울,압구정 로데오거리,강남구 압구정로 로데오역 일대 주소 기반 좌표,0,0,,,NO_EXACT_MUNICIPALITY_TOWNSHIP_TOKENS,0,
kdx70,서울,K-스타로드,강남구 압구정로 apgujeong~청담 구간 주소 기반 좌표,0,0,,,NO_EXACT_MUNICIPALITY_TOWNSHIP_TOKENS,0,
kdx71,서울,강남역 일대,강남구 강남대로 강남역 일대 주소 기반 좌표,0,0,,,NO_EXACT_MUNICIPALITY_TOWNSHIP_TOKENS,0,
kdx72,서울,가락시장,송파구 양재대로 932 주소 기반 좌표,0,0,,,NO_EXACT_MUNICIPALITY_TOWNSHIP_TOKENS,0,
kdx73,서울,암사동 유적,강동구 올림픽로 875 주소 기반 좌표,0,0,,,NO_EXACT_MUNICIPALITY_TOWNSHIP_TOKENS,0,
kdx74,서울,국립서울현충원,동작구 현충로 210 주소 기반 좌표,0,0,,,NO_EXACT_MUNICIPALITY_TOWNSHIP_TOKENS,0,
kdx75,서울,월드컵공원,마포구 월드컵로 243-60 주소 기반 좌표,0,0,,,NO_EXACT_MUNICIPALITY_TOWNSHIP_TOKENS,0,
kdx76,서울,경동시장,동대문구 고산자로36길 3 주소 기반 좌표,0,0,,,NO_EXACT_MUNICIPALITY_TOWNSHIP_TOKENS,0,
jd1,제주,성산일출봉,서귀포시 성산읍 일출로 284-12 주소 기반 좌표,1,0,,,MATCH_CANDIDATE,1,제주특별자치도 서귀포시 성산읍
jd2,제주,김녕해수욕장,제주시 구좌읍 김녕리 주소 기반 좌표,1,0,,,MATCH_CANDIDATE,1,제주특별자치도 제주시 구좌읍
jd3,제주,제주목 관아,제주시 관덕로 25 주소 기반 좌표,0,0,,,NO_EXACT_MUNICIPALITY_TOWNSHIP_TOKENS,0,
jd4,제주,오라동 메밀꽃밭,제주시 오라2동 주소 기반 좌표,0,0,,,NO_EXACT_MUNICIPALITY_TOWNSHIP_TOKENS,0,
jd5,제주,협재해수욕장,제주시 한림읍 한림로 329-10 주소 기반 좌표,1,0,,,MATCH_CANDIDATE,1,제주특별자치도 제주시 한림읍
jd6,제주,금능포구 돌담길,제주시 한림읍 금능리 주소 기반 좌표,1,0,,,MATCH_CANDIDATE,1,제주특별자치도 제주시 한림읍
jd7,제주,제주 동문재래시장,제주시 관덕로14길 20 주소 기반 좌표,0,0,,,NO_EXACT_MUNICIPALITY_TOWNSHIP_TOKENS,0,
jd8,제주,광치기해변,서귀포시 성산읍 고성리 주소 기반 좌표,1,0,,,MATCH_CANDIDATE,1,제주특별자치도 서귀포시 성산읍
jd9,제주,종달리 해안도로,제주시 구좌읍 종달리 주소 기반 좌표,1,0,,,MATCH_CANDIDATE,1,제주특별자치도 제주시 구좌읍
jd10,제주,우도,제주시 우도면 주소 기반 좌표,1,0,,,MATCH_CANDIDATE,1,제주특별자치도 제주시 우도면
jd11,제주,함덕해수욕장,제주시 조천읍 조함해안로 519 주소 기반 좌표,1,0,,,MATCH_CANDIDATE,1,제주특별자치도 제주시 조천읍
jdx1,제주,섭지코지,서귀포시 성산읍 섭지코지로 주소 기반 좌표,1,0,,,MATCH_CANDIDATE,1,제주특별자치도 서귀포시 성산읍
jdx2,제주,만장굴,제주시 구좌읍 만장굴길 182 주소 기반 좌표,1,0,,,MATCH_CANDIDATE,1,제주특별자치도 제주시 구좌읍
jdx3,제주,성읍민속마을,서귀포시 표선면 성읍정의현로 주소 기반 좌표,1,0,,,MATCH_CANDIDATE,1,제주특별자치도 서귀포시 표선면
jdx4,제주,제주민속촌,서귀포시 표선면 민속해안로 631-34 주소 기반 좌표,1,0,,,MATCH_CANDIDATE,1,제주특별자치도 서귀포시 표선면
jdx5,제주,사려니숲길,제주시 조천읍 교래리 주소 기반 좌표,1,0,,,MATCH_CANDIDATE,1,제주특별자치도 제주시 조천읍
jdx6,제주,새별오름,제주시 애월읍 봉성리 주소 기반 좌표,1,0,,,MATCH_CANDIDATE,1,제주특별자치도 제주시 애월읍
jdx7,제주,한라산 어리목,제주시 해안동 어리목길 주소 기반 좌표,0,0,,,NO_EXACT_MUNICIPALITY_TOWNSHIP_TOKENS,0,
jdx8,제주,천지연폭포,서귀포시 천지동 남성중로 주소 기반 좌표,1,0,,,MATCH_CANDIDATE,1,제주특별자치도 서귀포시 천지동
jdx9,제주,정방폭포,서귀포시 칠십리로 214번길 37 주소 기반 좌표,0,0,,,NO_EXACT_MUNICIPALITY_TOWNSHIP_TOKENS,0,
jdx10,제주,중문색달해변,서귀포시 색달동 중문관광로72번길 주소 기반 좌표,0,0,,,NO_EXACT_MUNICIPALITY_TOWNSHIP_TOKENS,0,
jdx11,제주,카멜리아힐,서귀포시 안덕면 병악로 166 주소 기반 좌표,1,0,,,MATCH_CANDIDATE,1,제주특별자치도 서귀포시 안덕면
jdx12,제주,오설록 티뮤지엄,서귀포시 안덕면 신화역사로 15 주소 기반 좌표,1,0,,,MATCH_CANDIDATE,1,제주특별자치도 서귀포시 안덕면
jdx13,제주,용두암,제주시 용두암길 15 주소 기반 좌표,0,0,,,NO_EXACT_MUNICIPALITY_TOWNSHIP_TOKENS,0,
jdx14,제주,이호테우해변,제주시 이호일동 주소 기반 좌표,0,0,,,NO_EXACT_MUNICIPALITY_TOWNSHIP_TOKENS,0,
jdx15,제주,애월 한담해안산책로,제주시 애월읍 애월리 주소 기반 좌표,1,0,,,MATCH_CANDIDATE,1,제주특별자치도 제주시 애월읍
jdx16,제주,한림공원,제주시 한림읍 한림로 300 주소 기반 좌표,1,0,,,MATCH_CANDIDATE,1,제주특별자치도 제주시 한림읍
jdx17,제주,산굼부리,제주시 조천읍 비자림로 768 주소 기반 좌표,1,0,,,MATCH_CANDIDATE,1,제주특별자치도 제주시 조천읍
jdx18,제주,비자림,제주시 구좌읍 비자숲길 55 주소 기반 좌표,1,0,,,MATCH_CANDIDATE,1,제주특별자치도 제주시 구좌읍
jdx19,제주,아부오름,제주시 구좌읍 송당리 주소 기반 좌표,1,0,,,MATCH_CANDIDATE,1,제주특별자치도 제주시 구좌읍
jdx20,제주,월정리해변,제주시 구좌읍 월정리 주소 기반 좌표,1,0,,,MATCH_CANDIDATE,1,제주특별자치도 제주시 구좌읍
jdx21,제주,세화민속오일장,제주시 구좌읍 세화리 주소 기반 좌표,1,0,,,MATCH_CANDIDATE,1,제주특별자치도 제주시 구좌읍
jdx22,제주,해녀박물관,제주시 구좌읍 해녀박물관길 26 주소 기반 좌표,1,0,,,MATCH_CANDIDATE,1,제주특별자치도 제주시 구좌읍
jdx23,제주,송악산 둘레길,서귀포시 대정읍 상모리 주소 기반 좌표,1,0,,,MATCH_CANDIDATE,1,제주특별자치도 서귀포시 대정읍
jdx24,제주,가파도,서귀포시 대정읍 가파리 주소 기반 좌표,1,0,,,MATCH_CANDIDATE,1,제주특별자치도 서귀포시 대정읍
jdx25,제주,마라도,서귀포시 대정읍 마라리 주소 기반 좌표,1,0,,,MATCH_CANDIDATE,1,제주특별자치도 서귀포시 대정읍
jdx26,제주,쇠소깍,서귀포시 하효동 105 주소 기반 좌표,0,0,,,NO_EXACT_MUNICIPALITY_TOWNSHIP_TOKENS,0,
jdx27,제주,외돌개,서귀포시 남성중로 252번길 주소 기반 좌표,0,0,,,NO_EXACT_MUNICIPALITY_TOWNSHIP_TOKENS,0,
jdx28,제주,천제연폭포,서귀포시 색달동 천제연로 주소 기반 좌표,0,0,,,NO_EXACT_MUNICIPALITY_TOWNSHIP_TOKENS,0,
jdx29,제주,제주 올레시장,서귀포시 중정로 62 주소 기반 좌표,0,0,,,NO_EXACT_MUNICIPALITY_TOWNSHIP_TOKENS,0,
jdx30,제주,산방산,서귀포시 안덕면 사계남로216번길 주소 기반 좌표,1,0,,,MATCH_CANDIDATE,1,제주특별자치도 서귀포시 안덕면
jdx31,제주,용머리해안,서귀포시 안덕면 사계리 주소 기반 좌표,1,0,,,MATCH_CANDIDATE,1,제주특별자치도 서귀포시 안덕면
jdx32,제주,곽지과물해변,제주시 애월읍 곽지리 주소 기반 좌표,1,0,,,MATCH_CANDIDATE,1,제주특별자치도 제주시 애월읍
jdx33,제주,제주 4·3 평화공원,제주시 명림로 430 주소 기반 좌표,0,0,,,NO_EXACT_MUNICIPALITY_TOWNSHIP_TOKENS,0,
jdx34,제주,국립제주박물관,제주시 일주동로 17 주소 기반 좌표,0,0,,,NO_EXACT_MUNICIPALITY_TOWNSHIP_TOKENS,0,
jdx35,제주,삼성혈,제주시 삼성로 22 주소 기반 좌표,0,0,,,NO_EXACT_MUNICIPALITY_TOWNSHIP_TOKENS,0,
jdx36,제주,관덕정,제주시 관덕로 19 주소 기반 좌표,0,0,,,NO_EXACT_MUNICIPALITY_TOWNSHIP_TOKENS,0,
jdx37,제주,제주민속자연사박물관,제주시 삼성로 40 주소 기반 좌표,0,0,,,NO_EXACT_MUNICIPALITY_TOWNSHIP_TOKENS,0,
jdx38,제주,한라수목원,제주시 수목원길 72 주소 기반 좌표,0,0,,,NO_EXACT_MUNICIPALITY_TOWNSHIP_TOKENS,0,
jdx39,제주,사라봉,제주시 사라봉동길 74 주소 기반 좌표,0,0,,,NO_EXACT_MUNICIPALITY_TOWNSHIP_TOKENS,0,
jdx40,제주,도두봉,제주시 도두일동 주소 기반 좌표,0,0,,,NO_EXACT_MUNICIPALITY_TOWNSHIP_TOKENS,0,
jdx41,제주,한라생태숲,제주시 516로 2596 주소 기반 좌표,0,0,,,NO_EXACT_MUNICIPALITY_TOWNSHIP_TOKENS,0,
jdx42,제주,절물자연휴양림,제주시 명림로 584 주소 기반 좌표,0,0,,,NO_EXACT_MUNICIPALITY_TOWNSHIP_TOKENS,0,
jdx43,제주,교래 자연휴양림,제주시 조천읍 남조로 2023 주소 기반 좌표,1,0,,,MATCH_CANDIDATE,1,제주특별자치도 제주시 조천읍
jdx44,제주,동백동산 습지,제주시 조천읍 선흘리 주소 기반 좌표,1,0,,,MATCH_CANDIDATE,1,제주특별자치도 제주시 조천읍
jdx45,제주,거문오름,제주시 조천읍 선흘리 주소 기반 좌표,1,0,,,MATCH_CANDIDATE,1,제주특별자치도 제주시 조천읍
jdx46,제주,용눈이오름,제주시 구좌읍 종달리 주소 기반 좌표,1,0,,,MATCH_CANDIDATE,1,제주특별자치도 제주시 구좌읍
jdx47,제주,다랑쉬오름,제주시 구좌읍 세화리 주소 기반 좌표,1,0,,,MATCH_CANDIDATE,1,제주특별자치도 제주시 구좌읍
jdx48,제주,하도해변,제주시 구좌읍 하도리 주소 기반 좌표,1,0,,,MATCH_CANDIDATE,1,제주특별자치도 제주시 구좌읍
jdx49,제주,평대해변,제주시 구좌읍 평대리 주소 기반 좌표,1,0,,,MATCH_CANDIDATE,1,제주특별자치도 제주시 구좌읍
jdx50,제주,김녕성세기해변,제주시 구좌읍 김녕리 주소 기반 좌표,1,0,,,MATCH_CANDIDATE,1,제주특별자치도 제주시 구좌읍
jdx51,제주,세화해변,제주시 구좌읍 세화리 주소 기반 좌표,1,0,,,MATCH_CANDIDATE,1,제주특별자치도 제주시 구좌읍
jdx52,제주,신양섭지해수욕장,서귀포시 성산읍 신양리 주소 기반 좌표,1,0,,,MATCH_CANDIDATE,1,제주특별자치도 서귀포시 성산읍
jdx53,제주,성산포항,서귀포시 성산읍 성산리 주소 기반 좌표,1,0,,,MATCH_CANDIDATE,1,제주특별자치도 서귀포시 성산읍
jdx54,제주,혼인지,서귀포시 성산읍 혼인지로 39-22 주소 기반 좌표,1,0,,,MATCH_CANDIDATE,1,제주특별자치도 서귀포시 성산읍
jdx55,제주,표선해수욕장,서귀포시 표선면 표선리 주소 기반 좌표,1,0,,,MATCH_CANDIDATE,1,제주특별자치도 서귀포시 표선면
jdx56,제주,남원 큰엉해안경승지,서귀포시 남원읍 태위로 주소 기반 좌표,1,0,,,MATCH_CANDIDATE,1,제주특별자치도 서귀포시 남원읍
jdx57,제주,서귀포 이중섭거리,서귀포시 이중섭로 주소 기반 좌표,0,0,,,NO_EXACT_MUNICIPALITY_TOWNSHIP_TOKENS,0,
jdx58,제주,새연교,서귀포시 서홍동 주소 기반 좌표,1,0,,,MATCH_CANDIDATE,1,제주특별자치도 서귀포시 서홍동
jdx59,제주,대포주상절리대,서귀포시 이어도로 36-30 주소 기반 좌표,0,0,,,NO_EXACT_MUNICIPALITY_TOWNSHIP_TOKENS,0,
jdx60,제주,여미지식물원,서귀포시 중문관광로 93 주소 기반 좌표,0,0,,,NO_EXACT_MUNICIPALITY_TOWNSHIP_TOKENS,0,
jdx61,제주,제주항공우주박물관,서귀포시 안덕면 녹차분재로 218 주소 기반 좌표,1,0,,,MATCH_CANDIDATE,1,제주특별자치도 서귀포시 안덕면
jdx62,제주,본태박물관,서귀포시 안덕면 산록남로 762번길 69 주소 기반 좌표,1,0,,,MATCH_CANDIDATE,1,제주특별자치도 서귀포시 안덕면
jdx63,제주,제주 신화월드,서귀포시 안덕면 신화역사로 304번길 38 주소 기반 좌표,1,0,,,MATCH_CANDIDATE,1,제주특별자치도 서귀포시 안덕면
jdx64,제주,금오름,제주시 한림읍 금악리 주소 기반 좌표,1,0,,,MATCH_CANDIDATE,1,제주특별자치도 제주시 한림읍
jdx65,제주,저지오름,제주시 한경면 저지리 주소 기반 좌표,1,0,,,MATCH_CANDIDATE,1,제주특별자치도 제주시 한경면
jdx66,제주,수월봉,제주시 한경면 노을해안로 주소 기반 좌표,1,0,,,MATCH_CANDIDATE,1,제주특별자치도 제주시 한경면
jdx67,제주,차귀도,제주시 한경면 고산리 주소 기반 좌표,1,0,,,MATCH_CANDIDATE,1,제주특별자치도 제주시 한경면
jdx68,제주,신창풍차해안도로,제주시 한경면 신창리 주소 기반 좌표,1,0,,,MATCH_CANDIDATE,1,제주특별자치도 제주시 한경면
jdx69,제주,협재 비양도,제주시 한림읍 비양도 주소 기반 좌표,1,0,,,MATCH_CANDIDATE,1,제주특별자치도 제주시 한림읍
jdx70,제주,제주현대미술관,제주시 한경면 저지14길 35 주소 기반 좌표,1,0,,,MATCH_CANDIDATE,1,제주특별자치도 제주시 한경면
jdx71,제주,항파두리 항몽유적지,제주시 애월읍 항파두리로 50 주소 기반 좌표,1,0,,,MATCH_CANDIDATE,1,제주특별자치도 제주시 애월읍
jdx72,제주,새별오름 나홀로나무,제주시 애월읍 봉성리 주소 기반 좌표,1,0,,,MATCH_CANDIDATE,1,제주특별자치도 제주시 애월읍
jdx73,제주,서귀포 자연휴양림,서귀포시 1100로 882 주소 기반 좌표,0,0,,,NO_EXACT_MUNICIPALITY_TOWNSHIP_TOKENS,0,
jdx74,제주,1100고지 습지,서귀포시 색달동 산 1-2 주소 기반 좌표,0,0,,,NO_EXACT_MUNICIPALITY_TOWNSHIP_TOKENS,0,
jdx75,제주,성판악 탐방로,제주시 조천읍 516로 1865 주소 기반 좌표,1,0,,,MATCH_CANDIDATE,1,제주특별자치도 제주시 조천읍
bc1,부산,감천문화마을,사하구 감내2로 203 주소 기반 좌표,0,0,,,NO_EXACT_MUNICIPALITY_TOWNSHIP_TOKENS,0,
bc2,부산,자갈치시장,중구 자갈치해안로 52 주소 기반 좌표,0,0,,,NO_EXACT_MUNICIPALITY_TOWNSHIP_TOKENS,0,
bc3,부산,해운대해수욕장,해운대구 우동 해운대해변로 주소 기반 좌표,0,0,,,NO_EXACT_MUNICIPALITY_TOWNSHIP_TOKENS,0,
bc4,부산,광안리해변 · 광안대교,수영구 광안해변로 주소 기반 좌표,0,0,,,NO_EXACT_MUNICIPALITY_TOWNSHIP_TOKENS,0,
bc5,부산,부산 국제시장,중구 신창동4가 국제시장 주소 기반 좌표,0,0,,,NO_EXACT_MUNICIPALITY_TOWNSHIP_TOKENS,0,
bc6,부산,흰여울문화마을,영도구 영선동4가 흰여울길 주소 기반 좌표,0,0,,,NO_EXACT_MUNICIPALITY_TOWNSHIP_TOKENS,0,
bc7,부산,영도대교,중구 중앙동7가 주소 기반 좌표,0,0,,,NO_EXACT_MUNICIPALITY_TOWNSHIP_TOKENS,0,
bc8,부산,부산영화체험박물관,중구 대청로126번길 12 주소 기반 좌표,0,0,,,NO_EXACT_MUNICIPALITY_TOWNSHIP_TOKENS,0,
bc9,부산,영화의전당,해운대구 수영강변대로 120 주소 기반 좌표,0,0,,,NO_EXACT_MUNICIPALITY_TOWNSHIP_TOKENS,0,
bc10,부산,부산 BIFF 광장,중구 비프광장로 주소 기반 좌표,0,0,,,NO_EXACT_MUNICIPALITY_TOWNSHIP_TOKENS,0,
bc11,부산,청사포 · 미포 철길,해운대구 청사포로 주소 기반 좌표,0,0,,,NO_EXACT_MUNICIPALITY_TOWNSHIP_TOKENS,0,
bc12,부산,태종대,영도구 전망로 24 주소 기반 좌표,0,0,,,NO_EXACT_MUNICIPALITY_TOWNSHIP_TOKENS,0,
bcx1,부산,송도해수욕장 · 케이블카,서구 송도해변로 주소 기반 좌표,0,0,,,NO_EXACT_MUNICIPALITY_TOWNSHIP_TOKENS,0,
bcx2,부산,송도용궁구름다리,서구 암남동 620-53 구글 지오코딩,1,0,,,MATCH_CANDIDATE,1,부산광역시 서구 암남동
bcx3,부산,신선대 전망대,남구 용호동 산252-1 구글 지오코딩,0,0,,,NO_EXACT_MUNICIPALITY_TOWNSHIP_TOKENS,0,
bcx4,부산,오륙도 스카이워크,남구 오륙도로 137 주소 기반 좌표,0,0,,,NO_EXACT_MUNICIPALITY_TOWNSHIP_TOKENS,0,
bcx5,부산,이기대 전망대,남구 용호동 산129-1 구글 지오코딩,0,0,,,NO_EXACT_MUNICIPALITY_TOWNSHIP_TOKENS,0,
bcx6,부산,흥국사·황령산 전망대,남구 대연동 산50-1 (황령산) 구글 지오코딩,0,0,,,NO_EXACT_MUNICIPALITY_TOWNSHIP_TOKENS,0,
bcx7,부산,부산시민공원,부산진구 시민공원로 73 주소 기반 좌표,0,0,,,NO_EXACT_MUNICIPALITY_TOWNSHIP_TOKENS,0,
bcx8,부산,부산현대미술관,사하구 낙동남로 1191 주소 기반 좌표,0,0,,,NO_EXACT_MUNICIPALITY_TOWNSHIP_TOKENS,0,
bcx9,부산,을숙도 철새도래지,사하구 낙동남로 1240 주소 기반 좌표,0,0,,,NO_EXACT_MUNICIPALITY_TOWNSHIP_TOKENS,0,
bcx10,부산,다대포 꿈의낙조분수,사하구 몰운대1길 14 주소 기반 좌표,0,0,,,NO_EXACT_MUNICIPALITY_TOWNSHIP_TOKENS,0,
bcx11,부산,아미산 전망대,사하구 다대낙조2길 77 구글 지오코딩,0,0,,,NO_EXACT_MUNICIPALITY_TOWNSHIP_TOKENS,0,
bcx12,부산,부산 용두산공원 · 부산타워,중구 용두산길 37-55 주소 기반 좌표,0,0,,,NO_EXACT_MUNICIPALITY_TOWNSHIP_TOKENS,0,
bcx13,부산,보수동 책방골목,중구 책방골목길 주소 기반 좌표,0,0,,,NO_EXACT_MUNICIPALITY_TOWNSHIP_TOKENS,0,
bcx14,부산,깡통시장 야시장,중구 부평1길 주소 기반 좌표,0,0,,,NO_EXACT_MUNICIPALITY_TOWNSHIP_TOKENS,0,
bcx15,부산,초량 이바구길,동구 영초길 주소 기반 좌표,0,0,,,NO_EXACT_MUNICIPALITY_TOWNSHIP_TOKENS,0,
bcx16,부산,유엔기념공원,남구 유엔평화로 93 구글 지오코딩,0,0,,,NO_EXACT_MUNICIPALITY_TOWNSHIP_TOKENS,0,
bcx17,부산,부산박물관,남구 유엔평화로 63 주소 기반 좌표,0,0,,,NO_EXACT_MUNICIPALITY_TOWNSHIP_TOKENS,0,
bcx18,부산,범어사,금정구 범어사로 250 주소 기반 좌표,0,0,,,NO_EXACT_MUNICIPALITY_TOWNSHIP_TOKENS,0,
bcx19,부산,금정산성,금정구 북문로 122 (금정산성 북문) 구글 지오코딩,0,0,,,NO_EXACT_MUNICIPALITY_TOWNSHIP_TOKENS,0,
bcx20,부산,온천천 카페거리,동래구 온천천로 451 구글 지오코딩,0,0,,,NO_EXACT_MUNICIPALITY_TOWNSHIP_TOKENS,0,
bcx21,부산,동래읍성 · 복천박물관,동래구 복천로 63 주소 기반 좌표,0,0,,,NO_EXACT_MUNICIPALITY_TOWNSHIP_TOKENS,0,
bcx22,부산,해동용궁사,기장군 기장읍 용궁길 86 주소 기반 좌표,1,0,,,MATCH_CANDIDATE,1,부산광역시 기장군 기장읍
bcx23,부산,오시리아 관광단지,오시리아관광단지 입구 구글 지오코딩,0,0,,,NO_EXACT_MUNICIPALITY_TOWNSHIP_TOKENS,0,
bcx24,부산,죽성리 드림성당,기장읍 죽성리 구글 지오코딩,0,0,,,NO_EXACT_MUNICIPALITY_TOWNSHIP_TOKENS,0,
bcx25,부산,기장 죽성 해안,기장읍 죽성리 해안 구글 지오코딩,0,0,,,NO_EXACT_MUNICIPALITY_TOWNSHIP_TOKENS,0,
bcx26,부산,일광해수욕장,기장군 일광읍 일광로 주소 기반 좌표,1,0,,,MATCH_CANDIDATE,1,부산광역시 기장군 일광읍
bcx27,부산,송정해수욕장,해운대구 송정해변로 주소 기반 좌표,0,0,,,NO_EXACT_MUNICIPALITY_TOWNSHIP_TOKENS,0,
bcx28,부산,달맞이길 문탠로드,해운대구 중동 달맞이길 구글 지오코딩,0,0,,,NO_EXACT_MUNICIPALITY_TOWNSHIP_TOKENS,0,
bcx29,부산,부산 센텀시티,해운대구 센텀남대로 주소 기반 좌표,0,0,,,NO_EXACT_MUNICIPALITY_TOWNSHIP_TOKENS,0,
bcx30,부산,부산 아난티 · 힐튼 해안,기장군 기장해안로 268-32 구글 지오코딩,0,0,,,NO_EXACT_MUNICIPALITY_TOWNSHIP_TOKENS,0,
bcx31,부산,부산 F1963,수영구 구락로123번길 20 구글 지오코딩,0,0,,,NO_EXACT_MUNICIPALITY_TOWNSHIP_TOKENS,0,
bcx32,부산,민락수변공원,수영구 광안해변로 361 주소 기반 좌표,0,0,,,NO_EXACT_MUNICIPALITY_TOWNSHIP_TOKENS,0,
bcx33,부산,부산 전포 카페거리,부산진구 동천로 92 구글 지오코딩,0,0,,,NO_EXACT_MUNICIPALITY_TOWNSHIP_TOKENS,0,
bcx34,부산,서면 먹자골목,부산진구 서면로 주소 기반 좌표,0,0,,,NO_EXACT_MUNICIPALITY_TOWNSHIP_TOKENS,0,
bcx35,부산,부산 광복로,중구 광복로 주소 기반 좌표,0,0,,,NO_EXACT_MUNICIPALITY_TOWNSHIP_TOKENS,0,
bcx36,부산,부산항 북항 친수공원,동구 초량동 1185-1 구글 지오코딩,0,0,,,NO_EXACT_MUNICIPALITY_TOWNSHIP_TOKENS,0,
bcx37,부산,국립해양박물관,영도구 해양로301번길 45 구글 지오코딩,0,0,,,NO_EXACT_MUNICIPALITY_TOWNSHIP_TOKENS,0,
bcx38,부산,흰여울 절영해안산책로,영도구 영선동4가 650-4 구글 지오코딩,0,0,,,NO_EXACT_MUNICIPALITY_TOWNSHIP_TOKENS,0,
bcx40,부산,구포시장,북구 구포시장2길 7 구글 지오코딩,0,0,,,NO_EXACT_MUNICIPALITY_TOWNSHIP_TOKENS,0,
bcx41,부산,벡스코,해운대구 APEC로 55 주소 기반 좌표,0,0,,,NO_EXACT_MUNICIPALITY_TOWNSHIP_TOKENS,0,
bcx42,부산,동백섬 · 누리마루,해운대구 우동 동백섬 주소 기반 좌표,0,0,,,NO_EXACT_MUNICIPALITY_TOWNSHIP_TOKENS,0,
bcx43,부산,마린시티,해운대구 마린시티2로 일대 주소 기반 좌표,0,0,,,NO_EXACT_MUNICIPALITY_TOWNSHIP_TOKENS,0,
bcx44,부산,부전시장,부산진구 중앙대로 785 주소 기반 좌표,0,0,,,NO_EXACT_MUNICIPALITY_TOWNSHIP_TOKENS,0,
bcx45,부산,허심청,동래구 금강공원로20번길 23 주소 기반 좌표,0,0,,,NO_EXACT_MUNICIPALITY_TOWNSHIP_TOKENS,0,
bcx46,부산,부산 롯데월드 어드벤처,기장군 동부산관광로 42 구글 지오코딩,0,0,,,NO_EXACT_MUNICIPALITY_TOWNSHIP_TOKENS,0,
bcx47,부산,부네치아 (장림포구),사하구 장림로93번길 72 구글 지오코딩,0,0,,,NO_EXACT_MUNICIPALITY_TOWNSHIP_TOKENS,0,
bcx48,부산,사직야구장,동래구 사직로 45 주소 기반 좌표,0,0,,,NO_EXACT_MUNICIPALITY_TOWNSHIP_TOKENS,0,
bcx49,부산,부산어린이대공원,부산진구 새싹로 295 구글 지오코딩,0,0,,,NO_EXACT_MUNICIPALITY_TOWNSHIP_TOKENS,0,
bcx50,부산,부산아시아드 주경기장,연제구 월드컵대로 344 주소 기반 좌표,0,0,,,NO_EXACT_MUNICIPALITY_TOWNSHIP_TOKENS,0,
bcx51,부산,영도 남항시장,영도구 영선동1가 남항시장 구글 지오코딩,0,0,,,NO_EXACT_MUNICIPALITY_TOWNSHIP_TOKENS,0,
bcx52,부산,삼진어묵 영도 본점,영도구 태종로99번길 36 구글 지오코딩,0,0,,,NO_EXACT_MUNICIPALITY_TOWNSHIP_TOKENS,0,
bcx53,부산,초량 168계단,동구 영초길 191 구글 지오코딩,0,0,,,NO_EXACT_MUNICIPALITY_TOWNSHIP_TOKENS,0,
bcx54,부산,부산 차이나타운,동구 초량중로 38 구글 지오코딩,0,0,,,NO_EXACT_MUNICIPALITY_TOWNSHIP_TOKENS,0,
bcx55,부산,태종대온천,영도구 태종로 808 구글 지오코딩,0,0,,,NO_EXACT_MUNICIPALITY_TOWNSHIP_TOKENS,0,
bcx56,부산,스타필드 시티 명지,강서구 명지국제6로 168 구글 지오코딩,0,0,,,NO_EXACT_MUNICIPALITY_TOWNSHIP_TOKENS,0,
bcx57,부산,삼익비치타운 벚꽃길,수영구 광안해변로 100 구글 지오코딩,0,0,,,NO_EXACT_MUNICIPALITY_TOWNSHIP_TOKENS,0,
bcx58,부산,부산대 대학로,금정구 부산대학로 구글 지오코딩,0,0,,,NO_EXACT_MUNICIPALITY_TOWNSHIP_TOKENS,0,
bcx59,부산,해운대 전통시장,해운대구 구남로41번길 22-1 구글 지오코딩,0,0,,,NO_EXACT_MUNICIPALITY_TOWNSHIP_TOKENS,0,
bcx60,부산,블루라인파크 미포정거장,해운대구 달맞이길62번길 13 구글 지오코딩,0,0,,,NO_EXACT_MUNICIPALITY_TOWNSHIP_TOKENS,0,
bcx61,부산,신세계백화점 센텀시티점,해운대구 센텀남대로 35 구글 지오코딩,0,0,,,NO_EXACT_MUNICIPALITY_TOWNSHIP_TOKENS,0,
kdx26,서울,서울숲,성동구 뚝섬로 273 주소 기반 좌표,0,0,,,NO_EXACT_MUNICIPALITY_TOWNSHIP_TOKENS,0,
